Epoch	AverageEpRet	StdEpRet	MaxEpRet	MinEpRet	AverageEpCost	StdEpCost	MaxEpCost	MinEpCost	TotalEnvInteracts	Time
0	299.72296	22.251377	348.01773	260.7631	0.0	0.0	0.0	0.0	5000	8.646416664123535
1	239.44868	61.881268	340.5305	82.9575	0.7	1.7916473	6.0	0.0	10000	71.74330806732178
2	197.9807	48.66117	253.58298	81.203255	2.7272727	7.1362185	25.0	0.0	15000	145.87703442573547
3	261.4605	32.877335	321.31305	215.91228	5.2	5.895761	18.0	0.0	20000	217.79963064193726
4	275.341	39.60444	343.048	198.24231	2.3	5.967412	20.0	0.0	25000	293.2572567462921
5	285.93698	39.39474	373.36215	233.23566	7.4	9.562427	27.0	0.0	30000	366.60368251800537
6	253.24829	58.83965	349.19116	152.41022	3.8181818	6.2204676	17.0	0.0	35000	441.97377467155457
7	345.33762	25.116909	388.94186	308.86038	5.5	8.321658	27.0	0.0	40000	517.3945069313049
8	319.1949	53.99796	444.26712	264.09402	7.7	7.4437895	18.0	0.0	45000	594.152738571167
9	292.7823	65.45098	406.78638	165.20941	17.6	38.93122	133.0	0.0	50000	672.1900339126587
10	343.46646	30.405437	413.02408	303.3811	11.3	9.839208	37.0	2.0	55000	745.595300912857
11	342.20422	59.48315	424.93338	201.40724	10.545455	10.263471	29.0	0.0	60000	821.7363555431366
12	349.4345	47.37742	448.03772	274.0228	4.8	5.134199	14.0	0.0	65000	898.1716759204865
13	316.0604	56.727364	378.05252	180.35709	3.6	4.340507	14.0	0.0	70000	975.2999012470245
14	372.5086	23.93639	418.36404	334.80038	7.3	7.267049	22.0	0.0	75000	1051.0019850730896
15	345.8188	52.677364	417.90164	230.1278	9.1	9.417537	27.0	0.0	80000	1124.3668854236603
16	388.26636	53.18712	458.18552	277.7876	14.3	11.41972	40.0	0.0	85000	1203.0296337604523
17	418.6625	63.147663	517.0137	286.97302	32.0	18.439089	70.0	3.0	90000	1277.118881225586
18	413.7792	52.89358	489.24384	298.66742	29.1	14.215837	50.0	12.0	95000	1353.3599920272827
19	448.85297	43.839863	498.74445	367.0191	27.2	8.304215	40.0	15.0	100000	1429.285270690918
20	413.5496	93.14425	486.2347	143.02788	17.818182	4.4069815	27.0	11.0	105000	1512.9070374965668
21	442.2967	47.287247	529.3638	361.86893	16.6	3.2924156	21.0	12.0	110000	1597.7287170886993
22	443.84747	62.76877	509.70642	305.5375	13.3	7.0007143	26.0	3.0	115000	1679.1510577201843
23	470.5075	39.730057	558.84894	400.94446	16.2	6.569627	29.0	9.0	120000	1761.434098482132
24	495.4969	42.824844	545.3124	378.94342	15.5	5.766281	25.0	8.0	125000	1843.0807828903198
25	456.5373	25.78476	496.8171	402.9077	15.2	10.637669	40.0	3.0	130000	1926.8621978759766
26	452.0628	86.606	546.54205	266.81622	10.6	4.7791214	16.0	1.0	135000	2004.8186814785004
27	490.1521	47.54007	534.2236	391.8909	11.4	6.7999997	26.0	4.0	140000	2086.0357451438904
28	523.1991	18.492159	550.9795	497.33545	15.0	6.0	25.0	4.0	145000	2162.353287935257
29	536.56555	40.44752	588.3862	436.47388	13.6	2.764055	17.0	8.0	150000	2242.350912094116
30	520.42975	42.60867	586.87836	447.65628	15.8	6.1122828	31.0	9.0	155000	2319.0816702842712
31	519.48553	71.56815	656.10284	387.97888	17.3	8.7412815	39.0	6.0	160000	2398.825224161148
32	596.0118	44.342567	637.1444	475.8786	17.0	4.64758	23.0	7.0	165000	2475.6915967464447
33	651.53564	28.940062	694.1706	603.4808	14.3	4.9809637	24.0	7.0	170000	2554.5581064224243
34	700.4139	23.959087	726.9086	648.0397	19.9	4.1340055	25.0	13.0	175000	2632.7631075382233
35	709.99536	27.069798	771.71747	667.547	19.5	6.726812	35.0	10.0	180000	2712.51322722435
36	694.4179	107.28974	764.95667	480.49667	18.8	9.672642	31.0	1.0	185000	2791.225190639496
37	759.3729	42.29898	811.6576	657.2669	21.2	3.9191837	28.0	15.0	190000	2870.362404346466
38	740.54944	68.49719	800.62683	543.3583	24.3	4.3829217	31.0	19.0	195000	2949.303906917572
39	790.39453	16.669996	816.0548	760.0544	12.9	3.5341196	19.0	9.0	200000	3026.7863216400146
40	785.6974	42.6925	824.2229	676.1858	20.9	6.7149086	32.0	7.0	205000	3106.0135202407837
41	808.7839	17.279825	830.8778	773.61664	27.1	7.2173405	42.0	18.0	210000	3185.2505083084106
42	822.15027	23.776056	844.136	756.2821	25.1	8.41962	42.0	15.0	215000	3263.542402267456
43	831.59863	15.525387	859.25604	811.5723	33.8	10.665833	57.0	19.0	220000	3343.1647272109985
44	851.25714	17.279268	881.51385	823.222	33.6	8.0025	50.0	23.0	225000	3420.9491107463837
45	837.98456	29.615675	876.70404	779.5149	35.4	9.624968	50.0	14.0	230000	3499.947845697403
46	831.20447	27.79596	870.86145	787.79706	31.9	8.383913	44.0	17.0	235000	3578.3673038482666
47	843.2367	32.09206	891.6392	768.6177	31.6	11.412273	52.0	19.0	240000	3658.2331194877625
48	872.1398	6.9561534	888.5153	865.157	28.3	6.5582013	39.0	19.0	245000	3737.959226846695
49	885.2549	14.427955	901.62524	860.47705	30.4	7.1161785	44.0	22.0	250000	3816.674554347992
50	871.7456	27.912083	908.56055	829.21783	32.0	8.820431	53.0	19.0	255000	3895.667051553726
51	909.0765	24.355795	940.5116	861.4686	40.5	10.688779	69.0	28.0	260000	3973.661768913269
52	902.01825	22.12055	932.19727	854.6981	49.2	7.4538584	69.0	41.0	265000	4052.7176945209503
53	904.07214	17.248411	931.08276	876.4009	46.0	8.843076	61.0	33.0	270000	4131.50471663475
54	891.9966	19.241402	920.8603	866.9748	44.9	5.611595	53.0	34.0	275000	4209.213352203369
55	890.94104	20.639048	926.98254	857.4849	47.6	8.175573	60.0	34.0	280000	4288.886719465256
56	889.65625	23.765247	922.6414	836.22723	46.1	10.96768	64.0	31.0	285000	4365.774104356766
57	887.7897	19.313234	913.6087	856.4295	50.4	8.890444	64.0	36.0	290000	4445.079852104187
58	846.99677	155.28664	924.6052	384.894	57.3	18.417656	89.0	23.0	295000	4524.607371091843
59	901.50195	10.89837	921.143	882.0848	45.8	12.006665	65.0	21.0	300000	4599.687740802765
60	896.6	20.690332	918.7669	846.464	48.7	7.6687675	68.0	41.0	305000	4679.532044172287
61	891.13513	17.200489	912.4902	854.0374	45.9	8.6884985	63.0	33.0	310000	4754.44921040535
62	815.77954	180.22075	913.662	280.64914	48.1	15.845819	63.0	6.0	315000	4834.403997182846
63	897.73535	11.492032	922.0463	884.0054	54.0	5.2915025	60.0	44.0	320000	4912.797107934952
64	858.49756	61.13206	921.69977	729.757	53.1	9.159148	67.0	41.0	325000	4989.251576662064
65	842.07336	168.09732	921.7736	339.71194	62.0	14.567086	82.0	36.0	330000	5069.066798210144
66	888.0417	21.33913	929.37115	856.62616	59.6	11.655042	78.0	46.0	335000	5146.59610414505
67	899.92206	24.669426	928.05005	847.83527	64.4	11.155268	80.0	43.0	340000	5224.390428543091
68	881.8408	47.838062	932.819	763.6493	61.1	12.762836	78.0	39.0	345000	5302.771654367447
69	862.6229	100.94429	927.38135	567.10425	67.4	12.674383	94.0	49.0	350000	5382.2195880413055
70	873.0319	32.077744	916.456	809.63446	72.2	13.592645	98.0	46.0	355000	5458.989842176437
71	862.78406	46.447876	936.8592	766.21625	64.1	12.9185915	87.0	47.0	360000	5539.27219414711
72	876.7101	36.156204	918.8564	811.61523	69.5	10.385085	82.0	50.0	365000	5616.517087221146
73	886.2554	19.859032	923.78217	854.16736	60.5	11.58663	78.0	38.0	370000	5693.395188570023
74	870.43115	34.11407	931.7606	812.5273	60.4	8.765843	77.0	46.0	375000	5772.603609323502
75	866.9232	39.995743	920.0058	765.76855	64.4	16.438976	97.0	45.0	380000	5847.434314489365
76	887.2997	13.316945	907.7699	865.36176	63.5	6.576473	77.0	50.0	385000	5925.449025392532
77	832.1543	118.622246	912.50165	518.40717	75.9	55.491352	239.0	38.0	390000	6003.791038513184
78	905.9442	12.986097	919.7374	873.17285	72.4	10.0219755	90.0	63.0	395000	6079.655202388763
79	897.43616	24.85204	942.61694	861.79596	75.0	7.7974353	86.0	63.0	400000	6159.69304394722
80	902.23663	9.062351	914.4006	884.9956	60.8	8.280097	77.0	49.0	405000	6237.826874256134
81	884.00946	27.586124	921.02295	819.47437	65.6	8.569715	76.0	51.0	410000	6317.207034826279
82	884.26465	33.752052	929.32965	824.1602	73.4	11.429786	91.0	54.0	415000	6395.115372419357
83	898.59393	15.695781	921.33746	864.8987	72.1	8.431488	87.0	56.0	420000	6473.814329624176
84	905.3701	18.862804	930.9659	864.80493	84.5	9.656604	103.0	73.0	425000	6552.336158514023
85	893.28906	19.247816	913.754	851.6925	74.3	11.900001	100.0	60.0	430000	6632.332063436508
86	891.01355	24.91233	929.7233	846.16986	68.1	16.052725	107.0	44.0	435000	6706.9762263298035
87	893.35706	15.352376	925.12836	871.64404	63.3	9.930257	84.0	50.0	440000	6786.935603141785
88	906.38214	19.581163	933.23694	871.19727	67.7	11.305308	93.0	56.0	445000	6864.368625640869
89	896.3553	55.895714	950.93036	738.55164	68.4	9.308061	81.0	52.0	450000	6941.667552232742
90	901.9136	16.453394	926.492	873.74915	70.3	10.325212	89.0	57.0	455000	7020.483011960983
91	906.84705	14.249139	928.6485	879.2585	76.2	11.22319	99.0	64.0	460000	7097.089948177338
92	881.6053	46.47991	918.7988	748.72974	65.6	10.0219755	85.0	51.0	465000	7176.756503582001
93	906.9369	13.61586	926.80597	885.7113	77.7	8.843641	87.0	63.0	470000	7254.357775211334
94	876.8934	50.525417	924.4834	737.2035	74.2	12.4	97.0	56.0	475000	7330.8884973526
95	907.0169	21.525723	935.8043	855.32446	83.8	14.95861	116.0	63.0	480000	7409.676695585251
96	893.0085	26.670343	939.1973	836.736	84.9	11.139569	101.0	70.0	485000	7488.596839427948
97	894.24384	18.547163	933.15015	872.9222	82.3	19.56042	135.0	63.0	490000	7564.806654930115
98	895.8109	25.808958	932.05945	851.6064	77.5	7.6713753	89.0	65.0	495000	7643.07602763176
99	882.06165	40.814137	923.36224	775.4057	81.1	9.565041	94.0	65.0	500000	7721.028141736984
100	894.92957	29.098242	935.30725	834.2489	77.3	10.237676	98.0	63.0	505000	7796.8025534152985
101	906.001	18.905771	944.4061	879.931	79.4	14.78648	120.0	62.0	510000	7875.641703128815
102	898.45764	20.569294	930.5715	859.6404	76.8	11.391225	97.0	58.0	515000	7952.79808139801
103	883.6844	42.103954	931.9161	802.8264	75.2	13.159027	93.0	50.0	520000	8029.493517637253
104	897.54004	19.981579	929.672	867.7759	72.9	4.8052053	80.0	62.0	525000	8109.26611828804
105	903.828	15.095103	923.91895	875.5964	75.2	11.232097	100.0	61.0	530000	8183.551606178284
106	895.4535	28.146458	943.69806	825.7884	76.0	10.881177	94.0	60.0	535000	8262.25974702835
107	893.84296	18.127892	923.50867	863.2144	69.5	10.846659	95.0	55.0	540000	8340.617064237595
108	900.81836	17.679329	934.3973	870.5564	69.9	6.92026	82.0	57.0	545000	8417.500484228134
109	890.64374	34.64668	932.2955	805.80457	71.6	6.529931	83.0	61.0	550000	8496.11062002182
110	896.31995	18.397081	925.8951	870.1172	67.8	8.376157	84.0	52.0	555000	8573.8828125
111	903.0291	15.438221	929.73114	876.35486	70.7	9.613012	84.0	52.0	560000	8649.92720413208
112	874.8678	40.93868	911.499	792.4775	88.0	31.48333	166.0	57.0	565000	8726.241114854813
113	898.4714	25.374126	936.0432	855.0787	68.3	10.973149	96.0	55.0	570000	8805.765949010849
114	869.71094	57.36104	927.5197	740.636	95.6	32.815243	170.0	70.0	575000	8882.637102127075
115	903.86865	23.395906	945.6355	872.74994	74.5	10.837435	93.0	58.0	580000	8961.27530169487
116	884.12384	47.399178	935.008	750.035	83.9	23.071411	147.0	61.0	585000	9040.067611217499
117	908.94104	28.286982	938.4783	858.1916	74.2	6.8527365	84.0	62.0	590000	9115.363141059875
118	896.97705	32.81573	941.80817	821.7923	81.9	21.030691	131.0	61.0	595000	9193.989992380142
119	898.8156	21.978554	923.15967	861.26935	85.9	13.830763	110.0	60.0	600000	9272.32782125473
120	909.3551	28.726652	951.11554	848.504	76.0	8.087027	90.0	61.0	605000	9349.25659108162
121	896.21875	13.889003	923.39154	876.7482	71.0	4.6260133	77.0	62.0	610000	9429.262437343597
122	880.64954	49.999584	926.7472	737.9211	72.2	6.4	85.0	63.0	615000	9504.941082954407
123	902.89795	34.01576	940.59515	818.4393	78.0	10.488089	96.0	55.0	620000	9584.04891872406
124	891.0947	28.534563	924.96515	827.56665	78.6	20.279055	131.0	58.0	625000	9661.215897798538
125	894.66144	23.693506	918.4241	834.4133	74.5	6.1196404	85.0	66.0	630000	9738.398557186127
126	887.1802	24.487585	925.3637	845.8109	70.1	9.289241	89.0	55.0	635000	9817.167452335358
127	897.16376	20.097363	932.547	866.56805	71.6	7.539231	82.0	61.0	640000	9894.404986143112
128	904.0187	13.711463	923.7219	877.3904	73.2	6.9828362	87.0	60.0	645000	9971.98120379448
129	899.0451	11.344629	921.5885	883.60284	71.0	6.618157	85.0	63.0	650000	10049.374149084091
130	890.0708	31.494696	932.4075	818.93726	82.1	23.914223	146.0	60.0	655000	10126.472252607346
131	908.4455	16.663635	933.8894	881.5258	82.4	10.442222	96.0	64.0	660000	10204.631140232086
132	905.3408	8.328347	924.39185	895.00476	84.2	15.36099	112.0	61.0	665000	10283.056500434875
133	898.6499	16.358442	927.6556	868.8368	76.5	7.940403	93.0	64.0	670000	10359.934165716171
134	894.2079	27.060905	926.2471	843.8275	78.6	7.017122	88.0	64.0	675000	10438.171409606934
135	891.86017	25.213577	916.4863	831.41144	78.2	7.8332624	90.0	67.0	680000	10507.868068218231
136	903.7493	13.923415	928.473	882.43134	89.2	8.7384205	105.0	73.0	685000	10570.741124391556
137	903.3988	23.561626	945.4224	864.9173	81.8	9.086253	94.0	63.0	690000	10636.773556947708
138	908.076	23.477497	950.3941	873.8715	84.9	10.338761	107.0	69.0	695000	10700.683983325958
139	913.6491	13.18793	935.8136	884.44135	77.7	5.5326304	83.0	67.0	700000	10765.485340356827
140	857.5137	230.51865	962.7789	130.70155	78.0	19.24011	98.0	20.0	705000	10832.118299007416
141	915.681	26.402374	942.6342	845.65405	83.1	6.456779	91.0	71.0	710000	10894.230896949768
142	929.58563	17.5105	954.65295	892.84454	84.8	7.263608	94.0	74.0	715000	10961.727303743362
143	929.85095	13.673838	960.09674	916.339	86.4	7.683749	99.0	75.0	720000	11025.609652280807
144	922.70593	16.187824	945.86365	885.7225	78.3	12.798828	114.0	68.0	725000	11090.434825181961
145	935.32196	22.282587	966.1261	896.19385	85.3	11.118004	104.0	66.0	730000	11155.46322965622
146	927.90985	17.657053	951.8347	885.6731	82.4	10.965401	101.0	69.0	735000	11220.54243350029
147	938.0635	14.005919	962.1338	919.65295	83.5	9.113177	101.0	73.0	740000	11284.620629787445
148	927.89044	17.046541	945.2651	891.49927	84.6	10.30728	99.0	69.0	745000	11350.727331876755
149	940.8607	9.590029	957.6462	926.0588	88.8	10.215674	113.0	73.0	750000	11414.175018072128
150	934.4286	18.231916	966.87476	900.46606	86.4	12.854571	114.0	69.0	755000	11479.956223487854
151	930.3084	17.798555	955.06396	899.4055	83.6	10.974517	97.0	66.0	760000	11545.296522378922
152	929.73535	23.525524	954.45355	867.1434	83.8	8.829496	104.0	69.0	765000	11608.429593801498
153	930.45264	10.8333645	952.9714	913.4708	83.5	5.731492	97.0	77.0	770000	11674.336960792542
154	940.70496	19.47692	971.0629	907.3127	83.3	8.809654	97.0	66.0	775000	11738.103912830353
155	946.9837	8.815232	959.4985	934.37976	88.4	8.039901	100.0	72.0	780000	11805.570073366165
156	930.9922	19.89978	948.1903	887.6074	79.7	8.888757	93.0	62.0	785000	11868.872265577316
157	935.50214	18.814121	969.95514	910.90924	87.6	11.0923395	108.0	74.0	790000	11934.891375541687
158	939.37854	13.441933	962.6506	919.4045	91.8	11.46124	108.0	74.0	795000	11999.897492170334
159	932.0475	15.622438	964.34235	904.95654	84.1	8.514106	95.0	71.0	800000	12065.517240524292
160	926.3712	14.223971	944.1606	893.2597	82.6	8.187796	102.0	68.0	805000	12130.685028553009
161	933.03186	16.629608	956.1913	907.5174	88.0	8.099382	100.0	73.0	810000	12195.63200545311
162	928.1947	19.486273	961.59235	893.846	86.2	12.8903055	112.0	63.0	815000	12261.129967689514
163	926.69617	16.477095	947.2087	892.0625	84.0	9.654015	95.0	64.0	820000	12325.405586957932
164	945.95154	12.024323	967.5419	922.7654	85.4	7.4993334	100.0	77.0	825000	12392.131372451782
165	938.5326	15.090644	961.6564	906.4383	75.4	9.901515	89.0	57.0	830000	12455.847958564758
166	929.43933	13.319773	947.38525	909.3498	76.5	6.3757353	89.0	68.0	835000	12520.707775831223
167	924.96466	14.0246	940.39246	898.3527	76.3	8.497647	87.0	58.0	840000	12584.742009878159
168	926.25867	11.462504	941.43823	911.6809	76.0	10.382678	92.0	55.0	845000	12649.262641191483
169	936.7004	10.782044	947.3843	911.6732	80.0	9.989995	101.0	69.0	850000	12714.188872098923
170	922.4507	18.845148	952.0601	885.71204	86.3	12.837834	105.0	65.0	855000	12779.253201961517
171	928.22156	19.206207	954.14777	885.10126	83.0	9.423375	97.0	63.0	860000	12843.376959323883
172	931.36816	18.505243	954.63873	889.1009	84.1	10.820813	103.0	64.0	865000	12909.10666680336
173	942.03516	17.509243	962.81415	900.7357	90.6	14.122322	124.0	73.0	870000	12972.982962369919
174	928.2919	13.94791	954.64825	903.3967	78.4	7.512656	94.0	65.0	875000	13037.988864421844
175	932.942	11.840385	957.65216	916.5043	81.4	7.186097	95.0	72.0	880000	13103.325041294098
176	939.3826	17.45137	969.7666	916.3597	86.4	8.799999	101.0	71.0	885000	13166.246616125107
177	867.023	233.45894	965.9352	129.76627	79.63636	21.427565	95.0	15.0	890000	13231.52093052864
178	937.3996	13.639026	950.5328	903.4938	88.5	7.0462756	96.0	70.0	895000	13294.141666173935
179	943.88544	15.382347	965.83344	913.0971	90.6	9.350936	103.0	69.0	900000	13359.213047981262
180	934.4663	16.094534	959.5285	907.4344	92.1	7.0774293	104.0	83.0	905000	13424.446649551392
181	925.41785	14.414215	943.6626	901.49	88.6	8.52291	107.0	75.0	910000	13488.744105815887
182	927.5871	11.454772	949.5537	915.4829	88.2	11.522152	109.0	75.0	915000	13553.01631116867
183	934.01337	15.181643	954.2635	900.0549	85.0	7.085196	97.0	75.0	920000	13617.73786497116
184	935.2988	17.13203	963.8624	909.2217	90.6	11.019982	112.0	74.0	925000	13681.481729507446
185	927.39667	18.879114	956.8324	901.71014	92.8	14.6	122.0	70.0	930000	13747.394269704819
186	937.846	19.132835	961.83044	903.5452	90.2	12.905812	111.0	71.0	935000	13810.815816879272
187	930.2584	15.075977	961.4996	906.8359	88.4	7.7871685	100.0	72.0	940000	13876.07119345665
188	927.20966	17.275625	948.20215	903.7371	86.6	9.748846	102.0	70.0	945000	13940.977107286453
189	931.76935	18.913387	952.91	896.018	91.9	9.406912	109.0	76.0	950000	14003.687421798706
190	931.7919	9.670651	946.87445	914.689	87.3	9.79847	105.0	74.0	955000	14069.60084271431
191	931.35333	11.662426	948.50885	911.4004	80.1	7.7646637	94.0	69.0	960000	14131.805023908615
192	939.2826	16.676079	962.1243	905.04846	87.8	7.7433844	100.0	71.0	965000	14197.326299667358
193	854.8558	239.26694	952.6784	139.51317	74.2	21.604628	96.0	17.0	970000	14261.268303394318
194	925.0856	16.247053	948.25415	891.7698	74.7	7.668768	86.0	60.0	975000	14323.876396417618
195	937.5111	15.442602	960.2704	905.4833	88.1	10.163169	110.0	73.0	980000	14388.695529460907
196	926.4165	17.73695	953.4784	893.2482	83.7	12.410076	111.0	63.0	985000	14453.935321092606
197	930.6263	10.364442	952.67303	910.65216	80.3	9.940321	97.0	61.0	990000	14517.270210504532
198	926.78625	16.268024	946.8883	895.2127	87.9	11.725614	111.0	73.0	995000	14581.38182425499
199	937.90515	17.81986	964.58344	908.2142	87.9	8.227393	101.0	74.0	1000000	14646.829009532928
