90,100,80,-30,-170,0,
90,100,80,-30,-170,0,
90,100,80,-30,-170,0,
90,100,80,-30,-170,0,
90,100,80,-30,-170,0,
90,100,80,-30,-170,0,
90,100,80,-30,-170,0,
90,100,80,-30,-170,0,
90,100,80,-30,-170,0,
90,100,80,-30,-170,0,
90,100,80,-30,-170,0,
90,100,80,-30,-170,0,
90,100,80,-30,-170,0,
90,100,80,-30,-170,0,
90,100,80,-30,-170,0,
90,100,80,-30,-170,0,
90,100,80,-30,-170,0,
90,100,80,-30,-170,0,
90,100,80,-30,-170,0,
90,100,80,-30,-170,0,
90.0011,100.006,80.0038,-29.9901,-169.981,0.00166131,
90.0011,100.009,80.0066,-29.8301,-169.599,0.00166131,
89.999,100.009,80.0087,-29.1298,-168.533,0.00234795,
89.999,100.008,80.008,-27.9137,-166.703,0.00166131,
89.9976,100.008,80.0087,-25.6299,-163.514,0.00166131,
89.9963,100.002,80.0093,-21.7717,-158.594,0.00166131,
89.9935,99.9973,80.0093,-17.0242,-153.084,0.00166131,
89.9894,99.9905,80.01,-11.0881,-146.874,0.000288014,
89.9812,99.8126,80.0107,-5.378,-141.397,0.00234795,
89.9537,98.9701,80.0121,0.659678,-136.049,0.00234795,
89.7662,97.5295,80.01,6.09516,-131.692,0.00097466,
89.1963,95.5005,80.0155,12.047,-127.594,0.00234795,
88.669,93.5504,80.0169,17.7324,-124.357,0.00097466,
88.0572,91.4912,80.0272,24.2659,-121.053,0.000288014,
87.5271,89.6709,80.0691,30.8453,-117.869,0.00234795,
87.1934,87.924,80.1995,37.6664,-114.599,0.00097466,
86.8116,86.1374,80.2421,44.6469,-111.206,0.00166131,
86.4545,84.3631,80.2428,50.5877,-108.017,0.00097466,
86.3117,82.7591,80.2407,55.077,-105.015,0.00166131,
86.3138,81.0542,80.2414,58.9985,-101.417,0.000288014,
86.3145,79.5243,80.2407,61.7835,-97.7353,0.00166131,
86.3145,77.9388,80.2394,64.1675,-93.3524,0.00097466,
86.3158,76.6589,80.2401,65.8182,-89.1165,0.00166131,
86.3165,75.5122,80.2394,66.7356,-84.5668,0.00097466,
86.32,74.6429,80.238,66.5268,-80.5671,0.000288014,
86.331,74.0112,80.2366,66.3531,-76.3552,0.00097466,
86.3358,73.681,80.2366,66.3524,-72.4159,0.00166131,
86.3433,73.6521,80.2387,66.3538,-68.1319,0.00234795,
86.3969,73.773,80.238,66.3579,-64.1226,0.000288014,
86.8116,74.0984,80.2366,66.36,-59.4513,0.00097466,
87.3259,74.6546,80.2366,66.3771,-55.1646,0.00097466,
87.6294,75.2856,80.2359,66.3771,-51.27,0.00097466,
87.7578,75.7052,80.2325,66.3799,-48.3387,0.00097466,
87.7585,76.0279,80.2291,66.3758,-45.533,0.00166131,
87.7578,76.0918,80.2332,66.3778,-43.4072,0.00097466,
87.7633,76.1577,80.2332,66.3778,-41.3775,0.000288014,
87.7654,76.1652,80.2222,66.3346,-39.9431,0.00166131,
87.775,76.168,79.9805,65.4035,-39.4027,0.000288014,
87.8601,76.17,79.5513,63.1712,-40.1113,0.00166131,
88.3881,76.1673,78.945,60.2248,-41.5375,0.00234795,
89.5239,76.1694,77.9906,57.3539,-43.3049,0.00097466,
91.0228,76.168,76.7759,56.0095,-44.7709,0.000288014,
92.576,76.1673,75.3896,56.2498,-45.8297,0.00166131,
94.2782,76.1659,73.7004,57.9623,-47.0086,0.000288014,
95.7854,76.1673,71.9667,61.0282,-48.4918,0.00097466,
97.3695,76.168,69.9898,64.7065,-50.8127,0.000288014,
98.7036,76.1694,68.1867,66.9958,-53.7927,0.00166131,
100.012,76.1762,66.4433,67.8301,-57.8185,0.000288014,
101.134,76.1707,65.2465,67.9777,-61.7317,0.00097466,
102.133,76.17,64.2824,67.9743,-65.4664,0.0030346,
102.912,76.1721,63.8066,67.9763,-68.4368,0.00234795,
103.818,76.1749,63.5532,67.975,-71.1504,0.00166131,
104.66,76.1797,63.5154,67.9654,-73.255,0.00166131,
105.701,76.1941,63.5182,67.9571,-75.3911,0.00097466,
106.793,76.6418,63.5189,67.9434,-77.2327,0.00234795,
108.042,78.2657,63.5161,67.8205,-79.1306,0.00166131,
109.132,80.5357,63.5154,67.1943,-81.126,0.00166131,
110.084,83.1436,63.5113,65.0451,-83.7854,0.00097466,
110.731,85.3251,63.5113,62.1865,-86.6075,0.00097466,
111.288,87.1179,63.5072,59.6947,-89.4639,0.00166131,
111.712,88.093,63.5086,58.8385,-91.3378,0.00234795,
112.211,88.6024,63.5092,58.8426,-92.1933,0.00097466,
112.71,88.7494,63.5134,58.8405,-92.2826,0.00166131,
112.866,88.746,63.5127,58.8289,-92.2744,0.00097466,
112.866,88.7466,63.512,58.8289,-92.2764,0.00166131,
112.866,88.746,63.5127,58.8309,-92.2757,-0.000398631,
112.866,88.7473,63.512,58.8316,-92.2751,0.00097466,
112.865,88.7473,63.5154,58.833,-92.2744,0.0030346,
112.866,88.748,63.5141,58.835,-92.2751,0.00166131,
112.866,88.746,63.5154,58.835,-92.2737,0.00166131,
112.865,88.7466,63.5161,58.835,-92.2737,0.00097466,
112.866,88.748,63.5154,58.8364,-92.2751,0.0030346,
112.866,88.7494,63.5168,58.8357,-92.2744,0.00166131,
112.866,88.7494,63.5168,58.8343,-92.2751,0.00166131,
112.866,88.748,63.5161,58.8323,-92.2799,0.00097466,
112.866,88.7494,63.5189,58.8268,-92.2902,-0.00726509,
112.866,88.7501,63.5141,58.5652,-92.2895,-0.042284,
112.866,88.7508,63.5127,57.2351,-92.2902,-0.783174,
112.865,88.7515,63.512,54.9891,-92.2915,-3.44667,
112.867,88.7535,63.5189,52.614,-92.2895,-8.67067,
112.866,88.7528,63.5175,51.9823,-92.2902,-13.7731,
112.865,88.7549,63.5278,52.4012,-92.2881,-19.5238,
112.867,88.7556,63.5319,53.3412,-92.286,-24.7128,
112.867,88.7569,63.5374,54.63,-92.2833,-29.4362,
112.867,88.7563,63.536,55.6428,-92.2826,-32.329,
112.865,88.7549,63.5395,56.5794,-92.2792,-34.3176,
112.866,88.7528,63.5388,57.3478,-92.2785,-35.1299,
112.864,88.7535,63.5374,57.779,-92.2771,-35.202,
112.865,88.7528,63.5374,58.0811,-92.2778,-35.2006,
112.865,88.7542,63.5401,58.1491,-92.2771,-35.2006,
112.865,88.7508,63.5381,58.145,-92.2771,-35.1999,
112.865,88.7508,63.5367,58.1367,-92.2792,-35.2006,
112.865,88.7501,63.5381,58.1278,-92.2792,-35.2006,
112.865,88.7501,63.5381,58.1278,-92.2792,-35.2006,
112.865,88.7501,63.5381,58.1278,-92.2792,-35.2006,
112.865,88.7501,63.5381,58.1278,-92.2792,-35.2006,
112.865,88.7501,63.5381,58.1278,-92.2792,-35.2006,
112.865,88.7501,63.5381,58.1278,-92.2792,-35.2006,
112.865,88.7501,63.5381,58.1278,-92.2792,-35.2006,
112.865,88.7501,63.5381,58.1278,-92.2792,-35.2006,
112.865,88.7501,63.5381,58.1278,-92.2792,-35.2006,
112.865,88.7501,63.5381,58.1278,-92.2792,-35.2006,
112.866,88.7412,63.5223,58.112,-92.2819,-35.2013,
112.868,88.7508,63.5209,57.8545,-92.2812,-35.202,
112.87,88.7872,63.5189,57.1514,-92.2833,-35.2013,
112.87,89.3111,63.5154,55.5762,-92.2854,-35.2013,
112.869,90.5443,63.5134,53.6076,-92.286,-35.2013,
112.868,92.4614,63.5086,51.0025,-92.2867,-35.2006,
112.868,94.3751,63.4976,48.111,-92.2888,-35.202,
112.866,96.2826,63.4852,44.6222,-92.2909,-35.2006,
112.868,97.7774,63.4852,41.513,-92.2922,-35.1992,
112.866,99.1404,63.4852,39.0418,-92.2915,-35.2006,
112.867,100.189,63.4845,37.8422,-92.2909,-35.2006,
112.867,101.133,63.4859,37.7777,-92.2909,-35.2013,
112.866,101.755,63.4845,37.7468,-92.2909,-35.2013,
112.868,102.192,63.4866,37.7289,-92.2895,-35.2013,
112.868,102.624,63.4825,37.731,-92.2909,-35.1999,
112.866,103.205,63.4852,37.7296,-92.2895,-35.2006,
112.866,103.779,63.4845,37.7118,-92.2895,-35.2006,
112.866,104.323,63.4825,36.8438,-92.2895,-35.2013,
112.866,104.649,63.4825,34.4749,-92.2888,-35.2013,
112.867,104.868,63.4825,31.0836,-92.2895,-35.2006,
112.867,105.138,63.4845,28.703,-92.2895,-35.2006,
112.866,105.655,63.4852,27.3585,-92.2888,-35.2006,
112.866,106.139,63.488,27.1189,-92.2881,-35.1999,
112.868,106.501,63.4893,27.3214,-92.2867,-35.1992,
112.866,106.52,63.4886,27.5281,-92.286,-35.2006,
112.866,106.52,63.4907,27.513,-92.2854,-35.2006,
112.866,106.522,63.4893,27.5178,-92.2867,-35.2006,
112.866,106.521,63.49,27.5226,-92.2867,-35.2006,
112.866,106.524,63.4907,27.5233,-92.2902,-35.2006,
112.866,106.525,63.4941,27.5309,-92.2984,-35.2006,
112.866,106.529,63.501,27.5968,-92.3018,-35.2006,
112.866,106.531,63.5086,28.6116,-92.3012,-35.2013,
112.864,106.529,63.5072,30.813,-92.3018,-35.2013,
112.864,106.527,63.5086,32.6938,-92.3018,-35.2013,
112.864,106.53,63.5099,33.1154,-92.3046,-35.1999,
112.866,106.531,63.5141,33.1195,-92.3142,-35.202,
112.866,106.532,63.5141,33.1449,-92.4653,-35.2013,
112.866,106.531,63.5175,33.1435,-94.3391,-35.2027,
112.868,106.534,63.5189,33.1428,-97.7559,-35.2013,
112.868,106.531,63.5216,33.1483,-99.993,-35.1999,
112.868,106.529,63.523,33.1462,-99.4512,-35.1999,
112.866,106.53,63.5237,33.1682,-97.0651,-35.2006,
112.866,106.53,63.5257,33.2685,-95.3121,-35.2013,
112.864,106.53,63.5271,33.2719,-95.0175,-35.1999,
112.866,106.528,63.5271,33.2644,-95.7742,-35.2013,
112.864,106.52,63.5209,33.1057,-96.7142,-35.2006,
112.864,106.52,63.5195,32.9705,-97.0026,-35.2006,
112.865,106.52,63.5161,32.9835,-97.2814,-35.2006,
112.865,106.52,63.5161,32.9835,-97.2814,-35.2006,
112.865,106.52,63.5161,32.9835,-97.2814,-35.2006,
112.865,106.52,63.5161,32.9835,-97.2814,-35.2006,
112.865,106.52,63.5161,32.9835,-97.2814,-35.2006,
112.865,106.52,63.5161,32.9835,-97.2814,-35.2006,
112.865,106.52,63.5161,32.9835,-97.2814,-35.2006,
112.865,106.52,63.5161,32.9835,-97.2814,-35.2006,
112.865,106.52,63.5161,32.9835,-97.2814,-35.2006,
112.865,106.52,63.5161,32.9835,-97.2814,-35.2006,
112.865,106.52,63.5161,32.9835,-97.2814,-35.2006,
112.865,106.52,63.5161,32.9835,-97.2814,-35.2006,
112.865,106.52,63.5161,32.9835,-97.2814,-35.2006,
112.865,106.52,63.5161,32.9835,-97.2814,-35.2006,
112.865,106.52,63.5161,32.9835,-97.2814,-35.2006,
112.865,106.52,63.5161,32.9835,-97.2814,-35.2006,
112.865,106.52,63.5161,32.9835,-97.2814,-35.2006,
112.865,106.52,63.5161,32.9835,-97.2814,-35.2006,
112.865,106.52,63.5161,32.9835,-97.2814,-35.2006,
112.865,106.52,63.5161,32.9835,-97.2814,-35.2006,
112.865,106.52,63.5161,32.9835,-97.2814,-35.2006,
112.865,106.52,63.5161,32.9835,-97.2814,-35.2006,
112.865,106.52,63.5161,32.9835,-97.2814,-35.2006,
112.865,106.52,63.5161,32.9835,-97.2814,-35.2006,
112.865,106.52,63.5161,32.9835,-97.2814,-35.2006,
112.865,106.52,63.5161,32.9835,-97.2814,-35.2006,
112.865,106.52,63.5161,32.9835,-97.2814,-35.2006,
112.865,106.52,63.5161,32.9835,-97.2814,-35.2006,
112.865,106.52,63.5161,32.9835,-97.2814,-35.2006,
112.865,106.52,63.5161,32.9835,-97.2814,-35.2006,
