90,100,80,-30,-170,0,
90,100,80,-30,-170,0,
90,100,80,-30,-170,0,
90,100,80,-30,-170,0,
90,100,80,-30,-170,0,
90,100,80,-30,-170,0,
90,100,80,-30,-170,0,
90,100,80,-30,-170,0,
90,100,80,-30,-170,0,
90,100,80,-30,-170,0,
90,100,80,-30,-170,0,
90,100,80,-30,-170,0,
90,100,80,-30,-170,0,
90,100,80,-30,-170,0,
90,100,80,-30,-170,0,
90,100,80,-30,-170,0,
90,100,80,-30,-170,0,
90,100,80,-30,-170,0,
90,100,80,-30,-170,0,
89.9997,100.012,80.0045,-29.9867,-169.946,-0.00108528,
89.999,100.013,80.0059,-29.5012,-169.563,-0.000398631,
90.0004,100.012,80.0018,-27.1392,-167.895,-0.000398631,
89.999,100.013,80.0038,-23.3791,-165.493,-0.00108528,
89.999,100.014,80.0038,-17.9196,-162.344,-0.000398631,
89.9976,100.012,80.0045,-12.0645,-158.885,-0.000398631,
89.999,100.014,80.0073,-5.31482,-154.703,-0.000398631,
89.997,100.012,80.008,0.27859,-151.125,-0.000398631,
89.9976,100.014,80.0059,7.18899,-146.883,-0.00108528,
89.9976,100.015,80.0059,13.6002,-143.185,-0.00108528,
89.9976,100.014,80.0066,19.5411,-140.012,-0.000398631,
89.9976,100.016,80.0073,25.186,-137.292,-0.000398631,
89.9983,100.016,80.008,30.8446,-134.868,-0.00108528,
89.997,100.016,80.0066,36.1908,-132.814,-0.00177192,
89.999,100.017,80.0073,40.8758,-130.991,-0.00108528,
89.9983,100.016,80.008,45.7283,-128.948,-0.00108528,
89.999,100.017,80.0073,50.1126,-126.857,0.000288014,
89.999,100.017,80.0087,55.0166,-124.291,-0.000398631,
89.9997,100.018,80.01,59.6116,-121.716,-0.00177192,
90.0004,100.018,80.0093,64.1009,-119.062,-0.000398631,
90.0004,100.018,80.0114,68.7186,-116.232,-0.000398631,
90.0018,100.018,80.0087,72.9428,-113.387,-0.00177192,
90.0011,100.018,80.01,76.4056,-110.536,-0.00245857,
90.0018,100.017,80.0107,79.7303,-107.001,-0.000398631,
90.0038,100.018,80.0093,82.1508,-103.686,-0.00177192,
90.0031,100.017,80.01,84.701,-99.3606,-0.00108528,
90.0018,100.016,80.008,86.2947,-95.9129,-0.00177192,
90.0024,100.016,80.0087,87.2443,-92.7475,-0.00108528,
90.0148,100.018,80.008,87.3912,-90.4623,-0.00108528,
90.2977,100.019,80.0073,87.3912,-88.9002,-0.00108528,
91.3352,100.021,80.0087,87.3912,-88.0337,-0.00108528,
92.9894,100.022,80.0087,87.3919,-87.8998,-0.00108528,
95.2264,100.021,80.008,87.3912,-87.9025,-0.000398631,
97.3935,100.021,80.0087,87.394,-87.9018,-0.00108528,
99.6457,100.022,80.01,87.394,-87.9004,-0.00177192,
101.726,100.021,80.008,87.394,-87.9018,-0.00108528,
103.562,100.02,80.0073,87.3926,-87.9032,-0.00245857,
105.458,100.021,80.0087,87.3899,-87.9032,-0.00108528,
107.119,100.021,80.008,87.3851,-87.9046,-0.000398631,
108.714,100.021,80.0066,87.3851,-87.9052,-0.00177192,
110.397,100.023,80.0045,87.3851,-87.908,-0.00177192,
111.945,100.021,80.0059,87.3816,-87.9059,-0.00177192,
113.527,100.019,80.008,87.3727,-87.9052,-0.00108528,
114.161,100.017,80.0052,87.35,-87.9059,-0.00108528,
115.182,100.014,80.0066,87.2917,-87.9032,-0.000398631,
115.182,100.014,80.0066,87.2917,-87.9032,-0.000398631,
115.182,100.014,80.0066,87.2917,-87.9032,-0.000398631,
115.182,100.014,80.0066,87.2917,-87.9032,-0.000398631,
115.182,100.014,80.0066,87.2917,-87.9032,-0.000398631,
115.182,100.014,80.0066,87.2917,-87.9032,-0.000398631,
115.182,100.014,80.0066,87.2917,-87.9032,-0.000398631,
115.182,100.014,80.0066,87.2917,-87.9032,-0.000398631,
115.174,99.9966,79.9929,87.1571,-87.9052,-0.00108528,
115.173,99.9925,79.9894,85.5737,-87.9046,-0.000398631,
115.172,99.9905,79.9832,82.043,-87.9066,0.000288014,
115.167,99.9905,79.9846,76.5319,-87.9094,-0.00108528,
115.166,99.9912,79.9867,70.8651,-87.9183,-0.00245857,
115.163,99.9925,79.9881,64.953,-87.9808,-0.00177192,
115.164,99.9932,79.9887,60.1987,-88.2815,-0.00108528,
115.163,99.9918,79.986,56.4476,-89.0451,-0.00108528,
115.162,99.9925,79.9881,53.3817,-90.6505,-0.000398631,
115.163,99.9925,79.9881,51.0897,-92.7591,-0.00108528,
115.162,99.9918,79.9853,49.3449,-94.7916,-0.00177192,
115.161,99.9925,79.9846,47.3969,-96.614,-0.000398631,
115.162,99.9912,79.9846,45.1358,-98.0051,-0.00177192,
115.161,99.9925,79.986,42.1887,-99.4581,-0.00177192,
115.163,99.9918,79.9853,39.46,-100.846,-0.00108528,
115.16,99.9932,79.9887,36.8617,-102.163,-0.000398631,
115.161,99.9932,79.9887,34.9233,-103.083,-0.00108528,
115.161,99.9939,79.9887,33.1456,-103.911,-0.00177192,
115.16,99.9939,79.986,31.5381,-104.498,-0.00108528,
115.16,99.9939,79.9874,29.8758,-104.679,-0.00108528,
115.162,99.9946,79.9867,28.6089,-104.679,-0.00108528,
115.161,99.9932,79.9881,27.6345,-104.679,-0.00177192,
115.162,99.9953,79.9881,26.5984,-104.677,-0.000398631,
115.163,99.9966,79.9901,25.8822,-104.679,-0.000398631,
115.158,99.996,79.9887,25.1551,-104.684,-0.00314521,
115.156,99.9953,79.9881,24.0695,-104.69,-0.0120716,
115.152,99.9953,79.9887,22.6234,-104.689,-0.020998,
115.152,99.996,79.9887,20.904,-104.69,-0.0340443,
115.153,99.9973,79.9908,19.6928,-104.689,-0.118502,
115.152,99.998,79.9922,19.0158,-104.688,-0.942476,
115.152,99.9973,79.9929,18.3223,-104.69,-3.40753,
115.151,99.9973,79.9929,17.4351,-104.689,-7.34339,
115.151,99.9966,79.9922,16.4264,-104.69,-12.8819,
115.152,99.9973,79.9915,15.2378,-104.685,-18.9175,
115.152,99.9973,79.9908,14.4331,-104.683,-24.298,
115.152,99.9973,79.9942,14.2147,-104.679,-29.3408,
115.152,99.9973,79.9922,14.212,-104.679,-33.0198,
115.151,99.996,79.9908,14.201,-104.679,-35.5528,
115.143,99.9973,79.9929,13.8124,-104.679,-36.7806,
115.075,99.9973,79.9915,12.1397,-104.681,-36.9165,
114.976,100.003,80.021,10.4801,-104.679,-36.8753,
114.976,100.005,80.2593,10.5103,-104.67,-36.8794,
114.974,100.001,80.5621,11.153,-104.667,-36.8788,
114.974,99.9953,80.8889,11.4661,-104.668,-36.8781,
114.975,99.9912,80.9411,11.4586,-104.669,-36.8781,
114.975,99.9939,80.9363,11.462,-104.669,-36.8788,
114.975,99.9925,80.937,11.4592,-104.668,-36.8774,
114.975,99.9925,80.937,11.4592,-104.668,-36.8774,
114.975,99.9925,80.937,11.4592,-104.668,-36.8774,
114.975,99.9925,80.937,11.4592,-104.668,-36.8774,
114.975,99.9925,80.937,11.4592,-104.668,-36.8774,
114.975,99.9925,80.937,11.4592,-104.668,-36.8774,
114.975,99.9925,80.937,11.4592,-104.668,-36.8774,
114.975,99.9925,80.937,11.4592,-104.668,-36.8774,
114.975,99.9925,80.937,11.4592,-104.668,-36.8774,
114.975,99.9925,80.937,11.4592,-104.668,-36.8774,
114.975,99.9925,80.937,11.4592,-104.668,-36.8774,
114.975,99.9925,80.937,11.4592,-104.668,-36.8774,
114.981,99.9815,80.9178,11.4867,-104.663,-36.8815,
114.981,99.9822,80.7832,11.4984,-104.663,-36.8856,
114.985,99.9857,80.4007,11.7154,-104.628,-36.8856,
114.988,99.9898,79.7869,13.0907,-104.253,-36.8849,
114.99,99.9884,79.0041,16.239,-103.265,-36.8849,
114.986,99.9884,77.9851,19.5788,-101.939,-36.8863,
114.985,99.9898,77.0533,21.6209,-101.252,-36.8863,
114.983,99.9905,75.5681,23.9383,-101.085,-36.8863,
114.985,99.9953,74.2175,25.6673,-101.153,-36.8856,
114.984,100.01,73.0619,27.3558,-101.153,-36.8849,
114.983,100.065,72.2626,28.898,-101.155,-36.8849,
114.984,100.676,71.6288,30.355,-101.155,-36.8856,
114.986,101.902,70.9861,30.5439,-101.15,-36.887,
114.982,103.497,69.972,28.8884,-101.141,-36.8904,
114.979,104.829,68.7229,25.806,-101.142,-36.8904,
114.976,106.082,67.3744,23.3389,-101.14,-36.8884,
114.976,107.063,66.5133,23.3526,-101.144,-36.8877,
114.977,107.812,65.9379,24.5398,-101.144,-36.8856,
114.976,107.96,65.6042,25.7943,-101.142,-36.8829,
114.978,107.96,65.3247,26.0498,-101.139,-36.8836,
114.98,107.96,65.2705,26.0196,-101.139,-36.8829,
114.98,107.96,64.9512,25.9069,-101.14,-36.8815,
114.98,107.96,64.9512,25.9069,-101.14,-36.8815,
114.98,107.96,64.9512,25.9069,-101.14,-36.8815,
114.98,107.96,64.9512,25.9069,-101.14,-36.8815,
114.98,107.96,64.9512,25.9069,-101.14,-36.8815,
114.98,107.96,64.9512,25.9069,-101.14,-36.8815,
114.98,107.96,64.9512,25.9069,-101.14,-36.8815,
114.98,107.96,64.9512,25.9069,-101.14,-36.8815,
114.98,107.96,64.9512,25.9069,-101.14,-36.8815,
114.98,107.96,64.9512,25.9069,-101.14,-36.8815,
114.98,107.96,64.9512,25.9069,-101.14,-36.8815,
114.98,107.96,64.9512,25.9069,-101.14,-36.8815,
114.98,107.96,64.9512,25.9069,-101.14,-36.8815,
114.98,107.96,64.9512,25.9069,-101.14,-36.8815,
114.98,107.96,64.9512,25.9069,-101.14,-36.8815,
114.98,107.96,64.9512,25.9069,-101.14,-36.8815,
114.98,107.96,64.9512,25.9069,-101.14,-36.8815,
114.98,107.96,64.9512,25.9069,-101.14,-36.8815,
114.98,107.96,64.9512,25.9069,-101.14,-36.8815,
114.98,107.96,64.9512,25.9069,-101.14,-36.8815,
114.98,107.96,64.9512,25.9069,-101.14,-36.8815,
114.98,107.96,64.9512,25.9069,-101.14,-36.8815,
114.98,107.96,64.9512,25.9069,-101.14,-36.8815,
114.98,107.96,64.9512,25.9069,-101.14,-36.8815,
114.98,107.96,64.9512,25.9069,-101.14,-36.8815,
114.98,107.96,64.9512,25.9069,-101.14,-36.8815,
114.98,107.96,64.9512,25.9069,-101.14,-36.8815,
114.98,107.96,64.9512,25.9069,-101.14,-36.8815,
114.98,107.96,64.9512,25.9069,-101.14,-36.8815,
114.98,107.96,64.9512,25.9069,-101.14,-36.8815,
114.98,107.96,64.9512,25.9069,-101.14,-36.8815,
