90,100,80,-30,-170,-2.11758e-22,
90,100,80,-30,-170,-2.11758e-22,
90,100,80,-30,-170,-2.11758e-22,
90,100,80,-30,-170,-2.11758e-22,
90,100,80,-30,-170,-2.11758e-22,
90,100,80,-30,-170,-2.11758e-22,
90,100,80,-30,-170,-2.11758e-22,
90,100,80,-30,-170,-2.11758e-22,
90,100,80,-30,-170,-2.11758e-22,
90,100,80,-30,-170,-2.11758e-22,
90,100,80,-30,-170,-2.11758e-22,
90,100,80,-30,-170,-2.11758e-22,
90,100,80,-30,-170,-2.11758e-22,
90.0011,99.9966,80.0011,-29.9984,-169.908,0.0030346,
90.0004,99.9802,80.0018,-29.9977,-168.917,0.0030346,
89.9997,99.6526,80.0025,-29.9949,-166.713,0.00234795,
89.9997,98.6673,80.0018,-29.9002,-162.652,0.0030346,
90.0024,97.3084,80.0011,-29.3886,-157.245,0.00372124,
90.0059,95.6928,80.0032,-28.4095,-150.093,0.0030346,
90.0052,94.3243,80.0025,-26.9366,-142.985,0.00234795,
90.0045,93.2064,80.0045,-24.9549,-135.953,0.0030346,
90.0038,92.3028,80.0066,-22.1548,-128.579,0.00372124,
90.0038,91.669,80.0052,-18.7147,-121.369,0.0030346,
90.0031,91.1183,80.0038,-15.6255,-115.109,0.00372124,
90.0031,90.3156,80.0059,-12.8123,-108.681,0.0030346,
90.0052,89.5239,80.0045,-10.4516,-102.492,0.00372124,
90.0052,88.8895,80.0038,-8.05111,-95.8806,0.00372124,
90.0066,88.5297,80.0052,-5.80578,-89.6837,0.0030346,
90.0045,88.4782,80.0059,-3.06743,-81.4645,0.0030346,
90.0059,88.4816,80.0059,-0.892828,-74.8803,0.0030346,
90.0052,88.4837,80.0045,1.06068,-69.2003,0.0030346,
90.0059,88.4843,80.0052,3.01007,-63.9166,0.00372124,
90.0038,88.4843,80.0038,5.06176,-58.7324,0.00234795,
90.0018,88.4823,80.0045,6.97544,-54.6956,0.0030346,
90.0018,88.4809,80.0025,7.96353,-52.7929,0.0030346,
90.0045,88.4816,80.0011,9.22215,-49.4593,0.00372124,
90.0038,88.4802,80.0011,9.22215,-49.4655,0.00372124,
90.0038,88.4802,80.0011,9.22215,-49.4655,0.00372124,
90.0038,88.4802,80.0011,9.22215,-49.4655,0.00372124,
90.0038,88.4802,80.0011,9.22215,-49.4655,0.00372124,
90.0038,88.4802,80.0011,9.22215,-49.4655,0.00372124,
90.0464,88.485,79.9867,9.22489,-49.473,0.00234795,
90.4906,88.4974,79.9881,9.22352,-49.4792,0.00372124,
91.5769,88.61,79.9867,9.22489,-49.4806,0.00234795,
93.345,88.9506,79.9853,9.22695,-49.5671,0.00372124,
95.1042,89.6482,79.9826,9.22489,-50.1706,0.00234795,
96.884,90.7043,79.9846,9.22489,-52.4077,0.00372124,
98.4338,91.9684,79.9819,9.22489,-55.8883,0.00372124,
99.9595,93.466,79.9853,9.22421,-60.563,0.0030346,
101.239,94.8413,79.9853,9.22146,-64.9157,0.00372124,
102.504,96.2201,79.9832,9.22009,-69.1818,0.00372124,
103.601,97.375,79.9839,9.22077,-72.591,0.0030346,
104.761,98.5032,79.9826,9.22627,-75.6184,0.00234795,
105.738,99.3265,79.9832,9.22695,-77.929,0.00372124,
106.847,100.075,79.9853,9.2297,-81.2015,0.00372124,
107.644,100.501,79.9832,9.22695,-84.2015,0.00372124,
108.538,100.827,79.9832,9.22695,-87.2385,0.00509453,
109.249,101.148,79.9832,9.22146,-89.0025,0.00372124,
110.197,101.508,79.9832,9.21322,-91.0467,0.0030346,
110.779,101.608,79.9846,9.22009,-92.6259,0.00166131,
111.4,101.609,79.9846,9.21803,-94.7072,0.00372124,
111.932,101.61,79.9846,9.21665,-96.5226,0.00372124,
112.614,101.608,79.9881,9.21871,-97.9275,0.0030346,
113.079,101.607,79.9853,9.22146,-98.4734,0.00372124,
113.446,101.608,79.9881,9.22627,-98.6567,0.00234795,
113.738,101.607,79.9853,9.23107,-98.6519,0.00372124,
114.12,101.61,79.986,9.30248,-98.6533,0.0030346,
114.424,101.609,79.986,10.1148,-98.6554,0.00234795,
114.799,101.611,79.9681,12.3045,-98.6506,0.00372124,
115.22,101.608,79.6935,15.3202,-98.6485,0.00372124,
115.524,101.606,78.737,18.2488,-98.6526,0.0030346,
115.629,101.608,77.3719,19.572,-98.6513,0.0030346,
115.631,101.614,75.6539,20.3911,-98.6595,0.00440789,
115.633,101.629,74.0726,22.0219,-98.6643,0.00234795,
115.627,101.662,72.5386,25.2567,-98.7117,0.0030346,
115.624,101.749,71.3123,28.6281,-99.6915,0.0030346,
115.625,101.753,70.1313,30.5837,-102.227,0.00372124,
115.628,101.754,69.2386,30.697,-105.141,0.0030346,
115.634,101.85,68.6062,30.857,-107.335,0.0030346,
115.631,102.421,68.4778,31.0843,-107.515,0.00440789,
115.627,103.326,68.4785,31.0534,-107.521,0.0030346,
115.625,104.061,68.4771,31.0479,-107.515,0.00372124,
115.63,104.331,68.4792,31.0396,-107.512,0.00372124,
115.629,104.333,68.4778,30.9696,-107.512,0.0030346,
115.629,104.334,68.4812,30.4251,-107.51,0.00372124,
115.632,104.338,68.4792,29.4301,-107.511,0.0030346,
115.63,104.334,68.4778,28.5842,-107.512,0.0030346,
115.631,104.338,68.4778,27.7341,-107.513,0.00097466,
115.631,104.336,68.4771,26.9033,-107.518,-0.00863838,
115.632,104.338,68.4799,26.4528,-107.522,-0.020998,
115.63,104.336,68.4799,26.7556,-107.524,-0.0319843,
115.634,104.338,68.4812,26.6925,-107.517,-0.0299244,
115.632,104.336,68.4799,26.6952,-107.511,-0.0141315,
115.631,104.336,68.4806,26.6938,-107.512,-0.0120716,
115.631,104.336,68.4812,26.7199,-107.514,-0.0223713,
115.633,104.338,68.4806,26.722,-107.519,-0.030611,
115.632,104.341,68.4812,26.7282,-107.519,-0.0429707,
115.634,104.34,68.4819,26.7268,-107.523,-0.053957,
115.635,104.34,68.4812,26.7275,-107.523,-0.0642567,
115.633,104.342,68.4847,26.757,-107.518,-0.0601368,
115.631,104.339,68.484,26.7639,-107.5,-0.0505238,
115.634,104.338,68.484,26.7392,-107.498,-0.0374775,
115.632,104.336,68.4819,26.7371,-107.497,-0.0388508,
115.632,104.337,68.4806,26.7419,-107.501,-0.0354176,
115.633,104.339,68.484,26.7495,-107.508,-0.0491505,
115.634,104.341,68.4854,26.7707,-107.513,-0.0580769,
115.634,104.341,68.4854,26.7735,-107.516,-0.0697498,
115.634,104.342,68.4847,26.7769,-107.514,-0.0793629,
115.634,104.342,68.4881,26.7735,-107.51,-0.0841694,
115.634,104.34,68.4847,26.7646,-107.506,-0.0683765,
115.634,104.341,68.4874,26.7687,-107.507,-0.0388508,
115.635,104.34,68.4867,26.7687,-107.508,0.303785,
115.632,104.341,68.4867,26.768,-107.51,1.18406,
115.632,104.342,68.4867,26.7687,-107.508,3.16023,
115.632,104.342,68.4874,26.7714,-107.508,6.39845,
115.634,104.342,68.4895,26.7783,-107.512,10.3988,
115.632,104.342,68.4902,26.8222,-107.512,13.6762,
115.632,104.342,68.4943,26.8566,-107.513,16.0341,
115.632,104.342,68.4964,26.8552,-107.515,18.035,
115.63,104.342,68.4991,26.8545,-107.517,19.602,
115.631,104.342,68.5032,26.8538,-107.517,21.8693,
115.631,104.342,68.5032,26.849,-107.516,24.3213,
115.634,104.343,68.508,26.8559,-107.512,27.1242,
115.632,104.344,68.5273,26.9019,-107.506,28.4686,
115.634,104.343,68.6522,27.4217,-107.505,28.2722,
115.631,104.343,69.1906,29.632,-107.505,26.235,
115.63,104.336,69.9026,31.8801,-107.508,22.4886,
115.634,104.335,70.1271,31.889,-107.504,18.2122,
115.636,104.336,70.1045,30.8618,-107.504,13.3741,
115.636,104.336,70.1045,29.4514,-107.503,7.75938,
115.635,104.336,70.1045,28.6322,-107.501,2.00941,
115.633,104.336,70.1045,28.5169,-107.502,-3.18231,
115.632,104.336,70.1038,28.5141,-107.503,-8.00875,
115.633,104.334,70.1038,28.4084,-107.501,-12.5138,
115.634,104.333,70.1004,27.1264,-107.498,-15.75,
115.636,104.336,70.0969,24.4245,-107.498,-18.1217,
115.636,104.343,70.1031,22.929,-107.499,-19.6172,
115.634,104.34,70.1038,23.5044,-107.498,-20.2475,
115.634,104.339,70.1031,23.6925,-107.495,-20.6101,
115.634,104.34,70.1004,23.6843,-107.495,-20.5613,
115.632,104.336,70.101,23.676,-107.497,-20.5627,
115.631,104.334,70.0962,23.6815,-107.499,-20.5641,
115.629,104.333,70.101,23.6815,-107.5,-20.562,
115.629,104.334,70.0962,23.6808,-107.5,-20.5627,
115.629,104.334,70.0962,23.6808,-107.5,-20.5627,
115.629,104.334,70.0962,23.6808,-107.5,-20.5627,
115.629,104.334,70.0962,23.6808,-107.5,-20.5627,
115.629,104.334,70.0962,23.6808,-107.5,-20.5627,
115.629,104.334,70.0962,23.6808,-107.5,-20.5627,
115.629,104.334,70.0962,23.6808,-107.5,-20.5627,
115.629,104.334,70.0962,23.6808,-107.5,-20.5627,
115.629,104.334,70.0962,23.6808,-107.5,-20.5627,
115.629,104.334,70.0962,23.6808,-107.5,-20.5627,
115.629,104.334,70.0962,23.6808,-107.5,-20.5627,
115.629,104.334,70.0962,23.6808,-107.5,-20.5627,
115.629,104.334,70.0962,23.6808,-107.5,-20.5627,
115.629,104.334,70.0962,23.6808,-107.5,-20.5627,
115.629,104.334,70.0962,23.6808,-107.5,-20.5627,
115.629,104.334,70.0962,23.6808,-107.5,-20.5627,
115.629,104.334,70.0962,23.6808,-107.5,-20.5627,
115.629,104.334,70.0962,23.6808,-107.5,-20.5627,
115.629,104.334,70.0962,23.6808,-107.5,-20.5627,
115.629,104.334,70.0962,23.6808,-107.5,-20.5627,
115.629,104.334,70.0962,23.6808,-107.5,-20.5627,
115.629,104.334,70.0962,23.6808,-107.5,-20.5627,
115.629,104.334,70.0962,23.6808,-107.5,-20.5627,
115.629,104.334,70.0962,23.6808,-107.5,-20.5627,
115.629,104.334,70.0962,23.6808,-107.5,-20.5627,
115.629,104.334,70.0962,23.6808,-107.5,-20.5627,
115.629,104.334,70.0962,23.6808,-107.5,-20.5627,
115.629,104.334,70.0962,23.6808,-107.5,-20.5627,
115.629,104.334,70.0962,23.6808,-107.5,-20.5627,
115.629,104.334,70.0962,23.6808,-107.5,-20.5627,
115.629,104.334,70.0962,23.6808,-107.5,-20.5627,
115.629,104.334,70.0962,23.6808,-107.5,-20.5627,
115.629,104.334,70.0962,23.6808,-107.5,-20.5627,
115.629,104.334,70.0962,23.6808,-107.5,-20.5627,
115.629,104.334,70.0962,23.6808,-107.5,-20.5627,
115.629,104.334,70.0962,23.6808,-107.5,-20.5627,
