90,100,80,-30,-170,0,
90,100,80,-30,-170,0,
90,100,80,-30,-170,0,
90,100,80,-30,-170,0,
90,100,80,-30,-170,0,
90,100,80,-30,-170,0,
90,100,80,-30,-170,0,
90,100,80,-30,-170,0,
90,100,80,-30,-170,0,
90,100,80,-30,-170,0,
90,100,80,-30,-170,0,
90,100,80,-30,-170,0,
90.0141,99.9994,80.0004,-29.9922,-169.847,0.00097466,
90.0368,99.9973,80.0004,-29.9949,-168.761,0.000288014,
90.0793,99.9966,79.9984,-29.9936,-166.387,0.00166131,
90.1988,99.9987,79.9997,-29.9936,-163.445,0.00166131,
90.5985,99.9973,80.0004,-29.9929,-160.436,0.000288014,
91.5096,99.9953,80.0011,-29.9915,-157.412,0.000288014,
92.6687,99.9912,80.0011,-29.9942,-154.659,0.00097466,
93.8319,99.8504,80.0018,-29.9936,-152.497,0.00234795,
95.0733,99.1232,80.0032,-29.9929,-150.496,0.00166131,
96.0806,97.9861,80.0011,-29.9922,-149.047,-0.000398631,
97.3475,96.0045,80.0025,-29.9524,-147.236,0.00166131,
98.5251,94.202,80.0025,-29.4223,-144.856,0.00234795,
99.7233,92.436,80.0011,-28.4287,-141.683,0.00166131,
100.989,90.4516,80.0045,-26.9256,-137.822,0.000288014,
101.846,89.1277,80.0066,-25.518,-134.625,0.00097466,
102.724,87.9371,80.0066,-23.5295,-130.811,0.00097466,
103.425,87.1653,80.0038,-21.4778,-127.479,0.00166131,
104.073,86.7636,80.0052,-18.9502,-123.877,0.00166131,
104.599,86.7361,80.0045,-16.4632,-120.55,0.00166131,
105.187,86.7361,80.0032,-14.04,-117.177,0.00166131,
105.628,86.7368,80.0045,-12.355,-114.255,0.00097466,
106.159,86.7368,80.0059,-11.0154,-111.185,-0.000398631,
106.798,86.7389,80.0073,-9.54525,-108.155,0.00234795,
107.345,86.7389,80.0073,-7.79773,-105.263,0.00097466,
107.986,86.7382,80.008,-5.73505,-102.032,0.00234795,
108.605,86.7375,80.0059,-3.26999,-98.1054,0.000288014,
109.083,86.7375,80.0066,-0.885275,-94.2842,0.00097466,
109.532,86.7368,80.0045,1.56811,-90.2309,0.000288014,
109.807,86.7382,80.0066,3.60813,-86.786,0.00097466,
109.831,86.7382,80.0073,5.53692,-83.4668,-0.000398631,
109.833,86.7389,80.0059,7.08462,-80.7607,0.00166131,
109.83,86.7368,80.0032,8.24162,-78.5525,0.00166131,
109.83,86.7361,80.0011,8.57601,-77.4758,0.000288014,
109.831,86.7361,80.0018,8.7106,-76.2659,0.000288014,
109.832,86.7368,80.0045,8.71128,-76.257,0.00234795,
109.832,86.7368,80.0045,8.71128,-76.257,0.00234795,
109.832,86.7368,80.0045,8.71128,-76.257,0.00234795,
109.832,86.7368,80.0045,8.71128,-76.257,0.00234795,
109.832,86.7368,80.0045,8.71128,-76.257,0.00234795,
109.832,86.7368,80.0045,8.71128,-76.257,0.00234795,
109.832,86.7368,80.0045,8.71128,-76.257,0.00234795,
109.832,86.7368,80.0045,8.71128,-76.257,0.00234795,
109.832,86.7368,80.0045,8.71128,-76.257,0.00234795,
109.829,86.7561,80.0004,8.76553,-76.2707,0.00166131,
109.829,86.7911,80.0004,9.13906,-76.2721,0.00166131,
109.828,86.7938,80.0052,9.72065,-76.2707,0.00234795,
109.828,86.7952,80.0148,11.1207,-76.2728,0.00166131,
109.827,86.7945,80.0176,13.0426,-76.2728,0.00166131,
109.829,86.7931,80.0148,14.935,-76.2714,0.00166131,
109.828,86.7931,80.0162,16.3372,-76.2728,0.00097466,
109.828,86.7945,80.0169,17.5422,-76.2831,-0.00245857,
109.828,86.7931,80.0155,18.713,-76.2906,-0.00520515,
109.829,86.7945,80.0176,19.9036,-76.4499,-0.0058918,
109.827,86.7952,80.0169,21.0276,-77.4799,-0.0106983,
109.827,86.7952,80.021,21.9732,-79.1491,-0.0223713,
109.829,86.7945,80.0272,22.9386,-80.9983,-0.112322,
109.827,86.7945,80.0313,24.2665,-83.0699,-1.47669,
109.828,86.7952,80.0341,25.9124,-84.7041,-4.69637,
109.827,86.7931,80.0361,27.7204,-85.8082,-9.45757,
109.827,86.7931,80.0334,29.4095,-86.2319,-15.636,
109.827,86.7938,80.0361,30.4258,-86.2278,-21.4128,
109.828,86.7945,80.0341,30.5432,-86.2298,-26.2632,
109.826,86.7931,80.0347,30.342,-86.2298,-31.251,
109.827,86.7952,80.0354,30.3846,-86.2291,-34.6444,
109.829,86.7959,80.0382,30.3825,-86.2278,-36.8616,
109.828,86.7938,80.0368,30.377,-86.2278,-38.3303,
109.828,86.7945,80.0341,30.3749,-86.2291,-38.9922,
109.829,86.7925,80.0361,30.364,-86.2291,-39.054,
109.828,86.7925,80.0361,30.3557,-86.2333,-39.054,
109.83,86.7918,80.0347,30.3392,-86.2353,-39.0534,
109.829,86.7904,80.0327,30.3145,-86.2346,-39.054,
109.829,86.789,80.0327,30.2912,-86.2326,-39.054,
109.829,86.7904,80.0327,30.2912,-86.2305,-39.054,
109.831,86.789,80.0341,30.298,-86.2243,-39.0534,
109.831,86.789,80.032,30.2974,-86.2237,-39.0534,
109.831,86.789,80.032,30.2974,-86.2237,-39.0534,
109.831,86.789,80.032,30.2974,-86.2237,-39.0534,
109.831,86.789,80.032,30.2974,-86.2237,-39.0534,
109.829,86.787,80.0272,30.296,-86.2243,-39.054,
109.829,86.787,80.0224,30.2905,-86.2257,-39.0534,
109.831,86.7959,80.0196,30.2919,-86.2264,-39.054,
109.835,86.8309,79.9984,30.2905,-86.225,-39.0534,
109.835,87.1667,79.7196,30.2884,-86.2271,-39.0534,
109.832,88.2468,78.9038,30.2836,-86.2285,-39.0534,
109.834,90.2442,77.4578,30.2823,-86.2291,-39.0534,
109.831,92.62,75.7446,30.1909,-86.2285,-39.054,
109.831,95.2183,73.502,29.2131,-86.2305,-39.054,
109.831,97.4444,71.2107,27.6957,-86.2319,-39.0547,
109.831,99.4542,68.8829,26.597,-86.2305,-39.0527,
109.829,101.244,66.6012,26.7323,-86.2305,-39.0527,
109.829,102.493,64.6525,26.8428,-86.2291,-39.0527,
109.829,103.317,63.2051,26.838,-86.2298,-39.054,
109.83,103.904,62.1016,26.8291,-86.2285,-39.0534,
109.829,104.323,61.255,26.7227,-86.2264,-39.0534,
109.828,104.397,60.8382,26.7323,-86.2278,-39.0527,
109.828,104.399,60.6803,26.7577,-86.2278,-39.0534,
109.829,104.397,60.6775,26.7584,-86.2285,-39.0534,
109.829,104.397,60.6768,26.7584,-86.2285,-39.054,
109.829,104.397,60.6768,26.7598,-86.2278,-39.0547,
109.829,104.397,60.6768,26.7701,-86.2285,-39.0547,
109.827,104.399,60.6796,26.895,-86.2285,-39.0527,
109.828,104.401,60.6796,26.9644,-86.2291,-39.0534,
109.828,104.404,60.6816,27.5583,-86.2291,-39.0534,
109.829,104.405,60.6803,29.6862,-86.2285,-39.054,
109.827,104.402,60.6803,32.5104,-86.2271,-39.0527,
109.829,104.401,60.6796,33.9249,-86.2278,-39.054,
109.829,104.406,60.6803,34.2785,-86.2278,-39.054,
109.83,104.406,60.681,34.7152,-86.2333,-39.0527,
109.829,104.413,60.6796,34.7496,-86.2443,-39.052,
109.83,104.603,60.6789,34.7503,-86.2463,-39.0527,
109.829,105.326,60.6775,34.7475,-86.2463,-39.0534,
109.832,106.347,60.6679,34.663,-86.2422,-39.0513,
109.832,107.322,60.6384,34.4818,-86.2353,-39.0513,
109.831,107.998,60.4777,34.4934,-86.2257,-39.0513,
109.832,108.29,60.3459,34.4948,-86.2243,-39.0506,
109.83,108.283,60.3411,34.4983,-86.2243,-39.0513,
109.829,108.284,60.3411,34.4989,-86.2243,-39.0513,
109.83,108.28,60.3404,34.4859,-86.2243,-39.0527,
109.83,108.271,60.3404,34.4873,-86.225,-39.052,
109.83,108.271,60.3397,34.488,-86.225,-39.0534,
109.828,108.27,60.3411,34.4873,-86.225,-39.0513,
109.828,108.27,60.3411,34.4873,-86.225,-39.0513,
109.828,108.27,60.3411,34.4873,-86.225,-39.0513,
109.828,108.27,60.3411,34.4873,-86.225,-39.0513,
109.828,108.27,60.3411,34.4873,-86.225,-39.0513,
109.828,108.27,60.3411,34.4873,-86.225,-39.0513,
109.828,108.27,60.3411,34.4873,-86.225,-39.0513,
109.828,108.27,60.3411,34.4873,-86.225,-39.0513,
109.828,108.27,60.3411,34.4873,-86.225,-39.0513,
109.828,108.27,60.3411,34.4873,-86.225,-39.0513,
109.828,108.27,60.3411,34.4873,-86.225,-39.0513,
109.828,108.27,60.3411,34.4873,-86.225,-39.0513,
109.828,108.27,60.3411,34.4873,-86.225,-39.0513,
109.828,108.27,60.3411,34.4873,-86.225,-39.0513,
109.828,108.27,60.3411,34.4873,-86.225,-39.0513,
109.828,108.27,60.3411,34.4873,-86.225,-39.0513,
109.828,108.27,60.3411,34.4873,-86.225,-39.0513,
109.828,108.27,60.3411,34.4873,-86.225,-39.0513,
109.828,108.27,60.3411,34.4873,-86.225,-39.0513,
109.828,108.27,60.3411,34.4873,-86.225,-39.0513,
109.828,108.27,60.3411,34.4873,-86.225,-39.0513,
109.828,108.27,60.3411,34.4873,-86.225,-39.0513,
109.828,108.27,60.3411,34.4873,-86.225,-39.0513,
109.828,108.27,60.3411,34.4873,-86.225,-39.0513,
109.828,108.27,60.3411,34.4873,-86.225,-39.0513,
109.828,108.27,60.3411,34.4873,-86.225,-39.0513,
109.828,108.27,60.3411,34.4873,-86.225,-39.0513,
