Epoch	AverageEpRet	StdEpRet	MaxEpRet	MinEpRet	AverageEpCost	StdEpCost	MaxEpCost	MinEpCost	TotalEnvInteracts	Time
0	299.72296	22.251377	348.01773	260.7631	0.0	0.0	0.0	0.0	5000	6.741215705871582
1	239.44868	61.881268	340.5305	82.9575	0.7	1.7916473	6.0	0.0	10000	53.149404764175415
2	197.9807	48.66117	253.58298	81.203255	2.7272727	7.1362185	25.0	0.0	15000	109.76364374160767
3	261.4605	32.877335	321.31305	215.91228	5.2	5.895761	18.0	0.0	20000	165.06080508232117
4	275.341	39.60444	343.048	198.24231	2.3	5.967412	20.0	0.0	25000	220.70430898666382
5	285.93698	39.39474	373.36215	233.23566	7.4	9.562427	27.0	0.0	30000	279.6314067840576
6	253.24829	58.83965	349.19116	152.41022	3.8181818	6.2204676	17.0	0.0	35000	334.7947452068329
7	345.33762	25.116909	388.94186	308.86038	5.5	8.321658	27.0	0.0	40000	393.1770257949829
8	319.1949	53.99796	444.26712	264.09402	7.7	7.4437895	18.0	0.0	45000	450.51424193382263
9	292.7823	65.45098	406.78638	165.20941	17.6	38.93122	133.0	0.0	50000	509.178507566452
10	343.46646	30.405437	413.02408	303.3811	11.3	9.839208	37.0	2.0	55000	569.8164112567902
11	342.20422	59.48315	424.93338	201.40724	10.545455	10.263471	29.0	0.0	60000	627.2630934715271
12	349.4345	47.37742	448.03772	274.0228	4.8	5.134199	14.0	0.0	65000	685.2711930274963
13	316.0604	56.727364	378.05252	180.35709	3.6	4.340507	14.0	0.0	70000	742.2440304756165
14	372.5086	23.93639	418.36404	334.80038	7.3	7.267049	22.0	0.0	75000	801.2830898761749
15	345.8188	52.677364	417.90164	230.1278	9.1	9.417537	27.0	0.0	80000	860.4160523414612
16	388.26636	53.18712	458.18552	277.7876	14.3	11.41972	40.0	0.0	85000	917.1420595645905
17	418.6625	63.147663	517.0137	286.97302	32.0	18.439089	70.0	3.0	90000	976.3299875259399
18	413.7792	52.89358	489.24384	298.66742	29.1	14.215837	50.0	12.0	95000	1034.5922899246216
19	448.85297	43.839863	498.74445	367.0191	27.2	8.304215	40.0	15.0	100000	1092.3154497146606
20	443.03156	66.16923	525.0855	299.6645	20.7	10.305823	36.0	0.0	105000	1149.2906336784363
21	425.17667	93.83875	488.2437	143.64987	32.0	13.1010065	58.0	13.0	110000	1208.894170999527
22	480.81192	56.800583	549.40485	345.06253	36.5	16.830032	73.0	6.0	115000	1266.106953382492
23	487.43896	40.023037	545.2522	385.45096	34.6	9.079648	50.0	16.0	120000	1323.0945191383362
24	438.38022	44.887627	548.9692	377.943	37.9	17.078934	81.0	24.0	125000	1382.3656458854675
25	484.33716	40.342705	568.5731	433.78143	45.3	6.0835843	53.0	35.0	130000	1439.386320590973
26	464.1966	60.141525	546.8359	358.58087	40.3	7.6687675	52.0	24.0	135000	1499.7746155261993
27	522.4854	32.037308	591.5855	464.54623	45.2	12.3919325	66.0	23.0	140000	1556.962457895279
28	490.43155	27.968374	531.75745	442.81274	41.3	7.18401	58.0	31.0	145000	1614.9475111961365
29	519.05804	57.39463	587.9896	416.52298	34.4	14.136477	61.0	10.0	150000	1671.7516586780548
30	586.2471	26.972385	644.9735	552.56445	54.3	11.29646	69.0	34.0	155000	1726.9394972324371
31	621.58124	27.635265	650.9802	554.2757	42.0	24.223955	103.0	8.0	160000	1782.594750404358
32	614.6317	88.63095	694.34863	381.47467	53.9	14.0174885	80.0	28.0	165000	1839.2283976078033
33	677.08997	42.14152	764.1728	627.05774	47.7	13.726253	71.0	28.0	170000	1895.7518589496613
34	722.1498	40.749256	799.1624	675.2308	53.8	14.225329	74.0	30.0	175000	1950.8330338001251
35	737.7129	45.353275	802.6462	662.8792	49.3	12.783193	68.0	25.0	180000	2004.7335586547852
36	771.1349	27.44619	812.98737	704.2865	62.5	14.382281	83.0	42.0	185000	2059.9610528945923
37	787.89966	20.15067	832.88385	770.77435	67.9	20.398285	117.0	43.0	190000	2112.0202729701996
38	808.86884	39.4078	849.82465	707.92096	76.2	28.2871	115.0	26.0	195000	2164.689676761627
39	835.5168	52.233887	959.218	758.4844	128.8	60.562035	293.0	58.0	200000	2219.199682712555
40	904.79266	33.45098	958.4675	845.0404	149.1	35.195026	203.0	86.0	205000	2271.1506175994873
41	932.6844	44.030434	980.392	826.7379	194.6	39.972992	261.0	135.0	210000	2324.455305337906
42	953.23694	17.432178	987.93146	920.64343	219.5	30.193542	285.0	182.0	215000	2378.387456893921
43	965.4515	18.189522	1000.63763	934.23566	261.0	31.070887	329.0	228.0	220000	2430.384570121765
44	966.3646	56.947166	1020.663	809.699	283.3	68.24082	374.0	131.0	225000	2482.8866193294525
45	1005.22595	16.954233	1040.0248	974.03986	349.1	40.06607	442.0	292.0	230000	2537.3274714946747
46	1019.41406	32.142967	1047.1906	945.96356	373.5	47.61355	408.0	270.0	235000	2590.043027639389
47	1051.2336	15.18474	1073.0002	1028.2878	401.8	16.412191	433.0	379.0	240000	2642.4624857902527
48	1051.3856	32.999374	1081.9135	969.6965	411.4	32.863964	445.0	355.0	245000	2697.0822746753693
49	1059.3075	18.570335	1083.7609	1023.5368	409.6	25.048752	454.0	376.0	250000	2748.776252269745
50	1093.7996	20.859743	1128.6307	1066.6615	436.1	23.22262	458.0	380.0	255000	2801.103516817093
51	1100.5631	14.810302	1121.1674	1077.7672	437.9	19.618612	472.0	410.0	260000	2854.2937836647034
52	1116.7821	12.780137	1143.2537	1097.5526	443.7	25.783909	475.0	379.0	265000	2907.1137630939484
53	1126.4672	17.013193	1157.7473	1095.9303	437.8	19.747406	458.0	389.0	270000	2960.36531996727
54	1140.9319	13.768201	1158.0621	1117.2438	456.9	16.717955	476.0	416.0	275000	3013.97887134552
55	1138.6664	15.444371	1159.9242	1103.381	451.7	18.729923	470.0	412.0	280000	3065.2176938056946
56	1147.9525	21.565145	1177.5839	1110.024	444.0	14.5876665	464.0	413.0	285000	3118.9737989902496
57	1164.3118	22.230139	1194.3585	1122.1532	460.4	11.324309	476.0	445.0	290000	3173.4383733272552
58	1161.5642	21.286633	1183.8821	1113.9476	455.0	27.788486	476.0	388.0	295000	3223.271834373474
59	1152.7395	16.397732	1172.5708	1124.693	464.7	11.287603	479.0	443.0	300000	3276.58220243454
60	1176.467	17.792603	1194.3217	1146.046	470.5	4.90408	478.0	462.0	305000	3330.9144670963287
61	1168.9691	36.226795	1201.1062	1065.0684	463.1	22.805481	481.0	400.0	310000	3381.635820388794
62	1182.9636	17.570549	1221.1763	1156.6766	462.8	14.330388	480.0	429.0	315000	3434.5424859523773
63	1195.8365	19.32022	1234.7474	1166.0713	473.2	5.436911	481.0	461.0	320000	3488.0741653442383
64	1194.9664	14.99045	1217.1661	1166.9038	468.2	13.738996	479.0	430.0	325000	3540.064799308777
65	1196.1387	36.224403	1234.9518	1123.4382	463.7	19.240843	482.0	418.0	330000	3591.887445449829
66	1187.8005	33.74927	1238.2163	1128.5703	461.5	19.981241	479.0	408.0	335000	3646.1926233768463
67	1205.2063	20.03073	1235.4309	1178.9481	470.9	9.710304	481.0	448.0	340000	3698.617061138153
68	1210.5526	8.758439	1226.2756	1198.6636	475.5	5.10392	481.0	464.0	345000	3750.335645198822
69	1198.7675	22.822626	1235.7465	1156.0261	461.0	16.40122	476.0	414.0	350000	3803.0918803215027
70	1220.8811	14.907112	1238.2618	1192.8633	469.1	8.04301	478.0	450.0	355000	3855.070095062256
71	1231.5059	23.925592	1263.2257	1195.0312	470.9	7.5159826	480.0	458.0	360000	3908.0250749588013
72	1238.6079	12.717703	1259.8727	1213.3354	478.0	3.5496478	481.0	469.0	365000	3959.3739676475525
73	1235.0433	15.443003	1269.4641	1211.3346	474.1	11.121601	481.0	443.0	370000	4012.231615781784
74	1239.0377	24.376026	1265.0333	1195.4484	475.1	6.441273	482.0	465.0	375000	4063.2992713451385
75	1244.1788	16.007874	1281.2253	1223.0905	475.7	5.2163205	482.0	469.0	380000	4116.468188047409
76	1235.0033	23.793558	1279.5123	1197.0023	473.2	11.408769	481.0	441.0	385000	4167.437378883362
77	1256.3551	13.495458	1271.726	1232.0114	477.5	6.7416615	483.0	458.0	390000	4218.334903717041
78	1256.9077	16.484274	1291.0702	1232.841	479.2	2.7129319	482.0	472.0	395000	4272.5948531627655
79	1255.9465	15.865949	1277.1742	1224.0831	475.7	9.381364	482.0	451.0	400000	4324.747631072998
80	1266.5208	19.04676	1296.3563	1223.9934	480.1	2.2113345	482.0	474.0	405000	4374.070529699326
81	1273.5061	24.250809	1312.0491	1227.5641	480.4	3.2	483.0	471.0	410000	4428.076237201691
82	1266.4218	12.36257	1291.7571	1252.3246	481.3	1.1	483.0	479.0	415000	4480.249466896057
83	1260.1038	14.980434	1288.9326	1237.5522	480.9	1.3747728	482.0	478.0	420000	4532.7883207798
84	1263.1152	15.384885	1289.8228	1234.6942	480.7	1.3453624	482.0	478.0	425000	4583.431177616119
85	1273.753	16.82645	1297.4976	1253.2017	478.2	5.2687764	482.0	463.0	430000	4635.768950223923
86	1277.6642	18.256842	1298.6237	1244.4084	479.7	4.7339206	484.0	466.0	435000	4688.656445980072
87	1278.5994	19.003365	1314.1345	1254.0792	479.9	3.6180108	483.0	470.0	440000	4739.444790363312
88	1283.5494	18.618431	1309.308	1249.4254	480.0	1.7888544	481.0	475.0	445000	4789.976894855499
89	1275.0984	14.741284	1294.399	1250.5525	480.8	1.5362291	483.0	478.0	450000	4842.752276182175
90	1274.9263	10.429523	1299.7548	1262.3368	480.3	3.318132	483.0	471.0	455000	4895.493725299835
91	1270.2302	21.843987	1293.6016	1221.394	481.1	2.2561028	484.0	476.0	460000	4946.0895318984985
92	1268.736	12.530345	1282.883	1241.1373	480.4	2.2891047	483.0	474.0	465000	4996.979907274246
93	1276.591	20.198559	1299.9883	1244.2555	480.7	2.147091	482.0	475.0	470000	5050.296748876572
94	1289.1805	15.0606575	1307.7892	1263.7207	480.7	2.238303	484.0	475.0	475000	5101.480944633484
95	1297.1238	9.204466	1316.4844	1284.564	481.1	1.6401219	485.0	479.0	480000	5152.797359466553
96	1284.7205	43.07588	1311.206	1157.9633	471.2	28.519466	484.0	386.0	485000	5204.534934043884
97	1299.4968	13.962956	1318.8132	1269.1245	477.5	9.447222	483.0	450.0	490000	5256.299043178558
98	1300.2009	10.549344	1317.3424	1280.3904	479.5	3.879433	483.0	471.0	495000	5307.187048196793
99	1303.0264	25.305384	1344.7551	1253.6718	479.3	5.4598536	484.0	464.0	500000	5360.671816825867
100	1305.2117	12.807257	1320.6735	1282.446	482.3	0.64031243	484.0	482.0	505000	5410.790104866028
101	1318.72	23.504745	1359.6423	1281.9069	481.5	2.0615528	483.0	476.0	510000	5461.250677347183
102	1321.3936	11.917471	1338.0286	1298.2778	481.3	1.4177446	483.0	478.0	515000	5514.5677835941315
103	1302.1731	23.941162	1340.1558	1268.9235	478.1	4.3920383	482.0	470.0	520000	5566.510708332062
104	1317.7804	15.749167	1348.8934	1296.4976	481.2	2.6381812	484.0	474.0	525000	5616.869224309921
105	1308.7708	39.6501	1337.08	1196.8396	478.5	13.185219	484.0	439.0	530000	5666.819654941559
106	1317.3269	32.068634	1347.86	1239.3207	477.9	11.344161	485.0	446.0	535000	5718.70535159111
107	1298.399	19.544292	1334.2462	1277.2328	478.7	6.083585	484.0	466.0	540000	5771.703527212143
108	1307.1879	17.76027	1333.8181	1270.1884	479.5	4.6314144	483.0	469.0	545000	5821.887453556061
109	1293.1935	48.133842	1332.1329	1155.2822	471.0	24.207438	483.0	401.0	550000	5871.099811553955
110	1324.7919	11.5182495	1349.382	1313.6721	482.3	1.9	485.0	478.0	555000	5923.291131734848
111	1313.4115	61.34124	1373.6196	1136.496	472.2	27.83451	484.0	389.0	560000	5975.581624746323
112	1342.114	15.91503	1367.8623	1318.1483	482.2	2.8213472	485.0	474.0	565000	6026.224702835083
113	1333.0417	17.810019	1361.0256	1301.2393	482.1	0.9433981	483.0	480.0	570000	6076.591864824295
114	1343.0857	8.73872	1356.8752	1324.618	482.5	1.118034	484.0	480.0	575000	6127.972124576569
115	1350.4579	20.720753	1376.3997	1293.7689	482.4	2.6153395	485.0	475.0	580000	6179.930027484894
116	1352.739	14.688544	1381.6947	1334.3497	480.2	7.4404297	484.0	458.0	585000	6231.548841953278
117	1361.6813	15.57578	1398.081	1340.7476	483.3	1.1874342	485.0	482.0	590000	6282.952027797699
118	1353.6802	22.63024	1381.3663	1297.8734	481.2	7.7820306	485.0	458.0	595000	6335.169079065323
119	1367.5001	15.10884	1394.8254	1343.308	483.3	1.1874342	485.0	481.0	600000	6386.280782461166
120	1369.1423	10.184166	1388.9438	1359.1427	483.3	0.9	485.0	482.0	605000	6438.7129418849945
121	1376.9558	16.758709	1398.8674	1340.6167	484.3	0.6403124	485.0	483.0	610000	6488.770519733429
122	1380.5286	20.083471	1413.1487	1345.243	483.1	0.7	484.0	482.0	615000	6540.790100336075
123	1390.3999	7.94981	1403.211	1380.0786	483.4	1.1135529	485.0	482.0	620000	6593.543390512466
124	1395.9463	19.514729	1424.2936	1370.3955	483.9	0.83066237	485.0	483.0	625000	6645.00856924057
125	1393.8289	19.18261	1421.243	1370.1831	483.0	1.6124516	485.0	479.0	630000	6695.642126560211
126	1399.6218	25.15744	1443.5737	1352.1661	481.7	6.603787	485.0	462.0	635000	6746.170706272125
127	1401.8949	15.619091	1424.7539	1375.3792	483.8	0.7483314	485.0	483.0	640000	6797.8828547000885
128	1408.2689	12.379779	1425.5513	1388.1835	484.1	0.7	485.0	483.0	645000	6851.186928272247
129	1395.8103	12.21823	1413.4314	1373.6356	484.1	0.7	485.0	483.0	650000	6898.598573684692
130	1368.0027	70.30212	1417.3265	1162.9072	476.0	23.685438	485.0	405.0	655000	6949.7207798957825
131	1403.5319	17.87891	1429.4095	1362.2426	484.4	0.48989794	485.0	484.0	660000	7001.731628894806
132	1398.5939	14.32475	1419.2716	1371.3253	482.5	4.90408	485.0	468.0	665000	7052.673185586929
133	1382.6161	45.09024	1424.8217	1253.1062	478.7	17.245579	486.0	427.0	670000	7102.368360042572
134	1414.9697	10.956981	1428.5969	1391.7604	484.7	0.6403124	486.0	484.0	675000	7154.992729663849
135	1407.936	16.565634	1428.9292	1381.2313	484.4	0.8	485.0	483.0	680000	7206.462815284729
136	1410.1212	8.553123	1421.8276	1397.439	483.9	1.4456832	486.0	481.0	685000	7257.397247314453
137	1406.6937	14.998772	1425.1177	1374.4437	482.8	3.994997	485.0	471.0	690000	7307.414183616638
138	1418.3778	10.850673	1435.4932	1400.6836	483.8	1.077033	485.0	482.0	695000	7358.4370493888855
139	1421.0436	10.811407	1435.613	1400.9607	484.0	1.0	485.0	482.0	700000	7410.393298625946
140	1428.7358	9.91825	1451.3883	1414.1155	484.2	1.0770329	485.0	482.0	705000	7461.255793094635
141	1418.5408	12.923656	1441.4645	1391.4796	483.9	0.83066237	485.0	483.0	710000	7512.41633439064
142	1416.5286	14.389936	1442.5088	1400.0425	483.7	0.781025	485.0	483.0	715000	7562.969052553177
143	1411.7731	13.919918	1432.831	1378.0558	481.8	5.075431	485.0	467.0	720000	7613.372002840042
144	1416.582	12.459993	1432.116	1396.4681	484.0	1.0	485.0	482.0	725000	7665.631063938141
145	1430.0378	13.799991	1445.69	1402.6725	484.6	0.48989794	485.0	484.0	730000	7717.296785116196
146	1424.8251	23.113222	1458.8296	1383.5358	483.4	1.9078784	485.0	479.0	735000	7767.345957994461
147	1430.9789	12.7333765	1448.3414	1406.869	484.5	0.67082036	485.0	483.0	740000	7817.8967707157135
148	1435.3234	14.462816	1452.4298	1408.6443	483.9	0.7	485.0	483.0	745000	7870.098466873169
149	1424.1371	12.352387	1437.9409	1403.713	484.6	0.48989794	485.0	484.0	750000	7921.996246337891
150	1434.0718	10.995376	1456.0166	1419.8441	484.8	0.6	486.0	484.0	755000	7969.566461801529
151	1437.6674	17.12009	1464.4375	1412.977	484.7	0.4582576	485.0	484.0	760000	8020.932108163834
152	1448.1018	9.505171	1466.3483	1432.9382	484.3	0.64031243	485.0	483.0	765000	8073.164884805679
153	1432.8646	12.299431	1448.8325	1405.809	484.1	1.4456834	485.0	480.0	770000	8124.804954767227
154	1436.8044	11.846683	1454.7332	1415.4949	484.6	0.66332495	485.0	483.0	775000	8174.018228054047
155	1435.043	15.266409	1452.9536	1401.2649	483.9	0.9433981	485.0	482.0	780000	8224.13006734848
156	1450.1196	17.781212	1472.8931	1417.6094	484.5	0.67082036	485.0	483.0	785000	8276.01134443283
157	1461.1804	14.022587	1489.6509	1442.9012	484.4	0.66332495	485.0	483.0	790000	8328.874281644821
158	1442.2434	14.534336	1466.8475	1419.0012	483.1	0.7	484.0	482.0	795000	8378.790687799454
159	1433.7881	54.9025	1479.2529	1280.8324	478.7	14.601712	485.0	435.0	800000	8428.18036031723
160	1449.1824	12.88241	1469.5704	1435.234	483.5	1.024695	485.0	482.0	805000	8480.878465414047
161	1432.1383	20.469841	1458.243	1401.8898	483.7	0.90000004	485.0	482.0	810000	8530.528058052063
162	1432.1293	58.255493	1468.6447	1265.8254	474.0	29.678274	485.0	385.0	815000	8582.109359502792
163	1440.6523	23.329597	1495.2822	1415.074	483.8	0.97979593	485.0	482.0	820000	8633.09541463852
164	1424.7131	26.718607	1464.0308	1353.8578	481.9	5.4854355	485.0	466.0	825000	8682.508563041687
165	1433.4017	19.511534	1468.8933	1400.5538	483.4	0.8	485.0	482.0	830000	8732.716910362244
166	1439.8575	15.60842	1473.5507	1418.3168	482.9	0.83066237	484.0	482.0	835000	8784.936594724655
167	1432.8574	31.854435	1484.6334	1379.3049	482.1	3.0805843	484.0	473.0	840000	8836.834848880768
168	1423.596	39.6383	1464.1917	1326.4952	480.0	10.353744	484.0	449.0	845000	8886.643687725067
169	1443.4885	16.667637	1476.295	1417.9467	482.9	1.3	485.0	481.0	850000	8937.411937236786
170	1437.2523	24.650627	1482.9734	1386.3444	483.1	0.83066237	485.0	482.0	855000	8989.376451015472
171	1434.5544	14.049077	1455.1195	1414.1671	483.7	0.6403124	485.0	483.0	860000	9040.900395154953
172	1446.3329	14.209094	1470.5483	1419.6277	483.7	0.9	485.0	482.0	865000	9090.155596494675
173	1443.1565	17.876774	1482.634	1417.2743	483.0	0.4472136	484.0	482.0	870000	9140.569946289062
174	1446.7776	12.306147	1463.7827	1426.6805	483.6	0.9165151	485.0	482.0	875000	9192.374951124191
175	1448.2255	21.73788	1474.2523	1395.3003	483.3	2.1931713	485.0	477.0	880000	9244.697167158127
176	1454.3605	20.974005	1484.5106	1419.9194	483.3	0.64031243	484.0	482.0	885000	9294.184688329697
177	1466.6982	16.793962	1493.4426	1443.823	483.8	1.1661904	485.0	481.0	890000	9344.419703722
178	1478.6539	11.885761	1494.2357	1458.2646	483.9	0.5385165	485.0	483.0	895000	9397.027293205261
179	1469.6599	12.794632	1496.1752	1455.6458	483.3	1.1874342	485.0	481.0	900000	9448.15640258789
180	1471.0808	14.914717	1492.7001	1440.5381	483.8	1.2489996	485.0	482.0	905000	9498.197353124619
181	1473.2621	16.022474	1496.5918	1445.1893	483.9	1.2206556	485.0	481.0	910000	9548.83517742157
182	1449.0374	30.625	1489.8568	1368.1404	480.7	9.592184	485.0	452.0	915000	9600.710324764252
183	1460.4133	22.259953	1487.0802	1421.089	483.9	0.7	485.0	483.0	920000	9652.25233054161
184	1457.5154	15.753219	1481.3481	1426.3414	483.7	0.90000004	485.0	482.0	925000	9702.16939496994
185	1467.7701	26.790232	1509.7065	1403.6987	483.8	1.2489996	485.0	481.0	930000	9752.405150651932
186	1452.6633	16.446573	1478.2701	1421.912	483.5	1.118034	485.0	482.0	935000	9804.924519062042
187	1459.0105	20.00272	1487.9779	1419.7257	483.8	0.6	485.0	483.0	940000	9854.975848674774
188	1468.3782	16.993477	1484.6996	1424.9413	483.5	1.2845232	485.0	480.0	945000	9905.096219062805
189	1477.592	10.183951	1502.728	1468.2402	483.9	1.1357816	485.0	482.0	950000	9956.324674844742
190	1475.5289	18.392185	1511.1289	1443.0175	483.5	1.024695	485.0	482.0	955000	10007.626472711563
191	1471.5182	16.784107	1506.0176	1451.9365	483.4	1.1135529	485.0	482.0	960000	10058.028562784195
192	1473.7747	12.614095	1501.4288	1453.8729	483.3	0.78102493	484.0	482.0	965000	10109.161519527435
193	1482.4202	18.363134	1512.3278	1443.2256	484.1	1.0440307	485.0	482.0	970000	10158.778044700623
194	1468.5764	16.243034	1490.5618	1438.843	483.8	0.74833155	485.0	482.0	975000	10209.977343797684
195	1481.8258	17.595087	1510.7229	1457.1901	484.3	0.9	485.0	483.0	980000	10261.132858514786
196	1490.4807	11.283112	1518.7513	1476.3141	483.9	0.83066237	485.0	482.0	985000	10312.32642698288
197	1491.1368	17.151037	1513.5237	1464.6519	483.6	1.356466	485.0	482.0	990000	10361.911648988724
198	1490.3209	12.442918	1508.4072	1474.0116	483.9	0.83066237	485.0	482.0	995000	10412.720428943634
199	1500.5052	18.872757	1528.913	1472.8263	484.4	0.66332495	485.0	483.0	1000000	10464.339356899261
