90,100,80,-30,-170,4.33681e-19,
90,100,80,-30,-170,4.33681e-19,
90,100,80,-30,-170,4.33681e-19,
90,100,80,-30,-170,4.33681e-19,
90,100,80,-30,-170,4.33681e-19,
90,100,80,-30,-170,4.33681e-19,
90,100,80,-30,-170,4.33681e-19,
90,100,80,-30,-170,4.33681e-19,
90,100,80,-30,-170,4.33681e-19,
90,100,80,-30,-170,4.33681e-19,
90,100,80,-30,-170,4.33681e-19,
90,100,80,-30,-170,4.33681e-19,
90,100,80,-30,-170,4.33681e-19,
90,100,80,-30,-170,4.33681e-19,
90,100,80,-30,-170,4.33681e-19,
90,100,80,-30,-170,4.33681e-19,
90,100,80,-30,-170,4.33681e-19,
90,100,80,-30,-170,4.33681e-19,
90,100,80,-30,-170,4.33681e-19,
90,100,80,-30,-170,4.33681e-19,
90,100,80,-30,-170,4.33681e-19,
90,100,80,-30,-170,4.33681e-19,
89.999,100.017,79.9956,-29.9379,-169.947,0.00166131,
89.9956,100.018,79.9874,-28.7624,-168.317,0.00097466,
89.9963,100.017,79.8157,-25.7789,-162.787,0.00097466,
89.9805,100.019,79.2904,-22.3684,-155.514,0.00234795,
89.8335,100.023,78.4081,-19.1514,-147.661,0.00166131,
89.3618,100.046,77.2676,-16.8484,-140.738,0.00372124,
88.9141,100.429,76.1964,-15.1936,-135.109,0.0030346,
88.4808,101.932,75.2735,-13.4928,-130.104,0.00372124,
87.8381,104.24,74.7798,-12.0851,-126.873,0.000288014,
87.0128,107.261,74.4338,-11.7556,-125.47,-0.00245857,
86.0597,110.361,74.1138,-12,-125.603,-0.00314521,
84.8602,113.711,73.7705,-12.3207,-126.74,-0.00245857,
83.5851,116.471,73.4793,-13.2408,-127.613,-0.00314521,
82.0298,118.954,73.4059,-14.5186,-127.107,-0.00314521,
80.7314,120.789,73.4066,-15.1359,-125.13,-0.00314521,
79.3306,122.694,73.4059,-15.7072,-120.064,-0.00863838,
78.3789,123.654,73.4066,-16.435,-113.804,-0.00726509,
77.6243,124.198,73.4114,-16.9857,-106.048,-0.00795173,
77.0358,124.729,73.4608,-16.4179,-99.4141,-0.00932502,
76.4858,125.425,73.6002,-15.5747,-94.416,-0.00932502,
75.8864,126.074,73.6331,-15.3776,-92.4062,-0.00932502,
75.4531,126.777,73.6311,-15.3701,-91.4209,-0.00863838,
75.2155,127.36,73.629,-15.3666,-89.5566,-0.00932502,
75.1599,127.774,73.6187,-15.3653,-86.12,-0.0155048,
75.1675,127.87,73.524,-15.3687,-82.2624,-0.0182514,
75.1675,127.869,73.3393,-15.3508,-78.2709,-0.0237446,
75.1695,127.874,73.0042,-15.2925,-76.0338,-0.0251179,
75.175,127.878,72.1939,-14.5742,-75.8855,-0.0264912,
75.256,127.887,71.0678,-12.6097,-76.5976,-0.0258045,
75.5554,128.012,69.6712,-10.1337,-77.1249,-0.0244312,
76.0608,128.815,67.9367,-8.20217,-77.6241,-0.0251179,
76.5476,130.353,66.0196,-8.23513,-77.9976,-0.0258045,
76.8731,132.123,64.084,-9.05155,-78.1432,-0.0271778,
77.0715,134.095,61.8881,-9.3523,-78.1418,-0.0278645,
77.0832,135.652,59.7711,-9.34475,-78.148,-0.0299244,
77.0839,136.743,57.3933,-9.35642,-78.146,-0.0264912,
77.0853,137.284,55.2819,-9.32895,-78.1405,-0.0223713,
77.0825,137.729,53.6003,-9.13326,-78.1391,-0.0182514,
77.0791,138.159,52.8813,-8.73226,-78.1377,-0.0168781,
77.0777,138.835,52.5607,-8.3807,-78.137,-0.0168781,
77.0784,138.867,52.5621,-8.38138,-78.1391,-0.0168781,
77.0784,138.867,52.5621,-8.38138,-78.1391,-0.0168781,
77.0784,138.867,52.5621,-8.38138,-78.1391,-0.0168781,
77.0784,138.867,52.5621,-8.38138,-78.1391,-0.0168781,
77.0784,138.867,52.5621,-8.38138,-78.1391,-0.0168781,
77.0784,138.867,52.5621,-8.38138,-78.1391,-0.0168781,
77.0784,138.867,52.5621,-8.38138,-78.1391,-0.0168781,
77.0784,138.867,52.5621,-8.38138,-78.1391,-0.0168781,
77.0784,138.867,52.5621,-8.38138,-78.1391,-0.0168781,
77.0784,138.867,52.5621,-8.38138,-78.1391,-0.0168781,
77.0784,138.867,52.5621,-8.38138,-78.1391,-0.0168781,
77.0784,138.867,52.5621,-8.38138,-78.1391,-0.0168781,
77.0784,138.867,52.5621,-8.38138,-78.1391,-0.0168781,
77.0784,138.867,52.5621,-8.38138,-78.1391,-0.0168781,
77.0784,138.867,52.5621,-8.38138,-78.1391,-0.0168781,
77.0784,138.867,52.5621,-8.38138,-78.1391,-0.0168781,
77.0784,138.867,52.5621,-8.38138,-78.1391,-0.0168781,
77.0784,138.867,52.5621,-8.38138,-78.1391,-0.0168781,
77.0784,138.867,52.5621,-8.38138,-78.1391,-0.0168781,
77.0784,138.867,52.5621,-8.38138,-78.1391,-0.0168781,
77.0784,138.867,52.5621,-8.38138,-78.1391,-0.0168781,
77.0784,138.867,52.5621,-8.38138,-78.1391,-0.0168781,
77.0784,138.867,52.5621,-8.38138,-78.1391,-0.0168781,
77.0784,138.867,52.5621,-8.38138,-78.1391,-0.0168781,
77.0784,138.867,52.5621,-8.38138,-78.1391,-0.0168781,
77.0784,138.867,52.5621,-8.38138,-78.1391,-0.0168781,
77.0784,138.867,52.5621,-8.38138,-78.1391,-0.0168781,
77.0784,138.867,52.5621,-8.38138,-78.1391,-0.0168781,
77.0784,138.867,52.5621,-8.38138,-78.1391,-0.0168781,
77.0784,138.867,52.5621,-8.38138,-78.1391,-0.0168781,
77.0784,138.867,52.5621,-8.38138,-78.1391,-0.0168781,
77.0784,138.867,52.5621,-8.38138,-78.1391,-0.0168781,
77.0784,138.867,52.5621,-8.38138,-78.1391,-0.0168781,
77.0784,138.867,52.5621,-8.38138,-78.1391,-0.0168781,
77.0784,138.867,52.5621,-8.38138,-78.1391,-0.0168781,
77.0784,138.867,52.5621,-8.38138,-78.1391,-0.0168781,
77.0784,138.867,52.5621,-8.38138,-78.1391,-0.0168781,
77.0784,138.867,52.5621,-8.38138,-78.1391,-0.0168781,
77.0784,138.867,52.5621,-8.38138,-78.1391,-0.0168781,
77.0784,138.867,52.5621,-8.38138,-78.1391,-0.0168781,
77.0784,138.867,52.5621,-8.38138,-78.1391,-0.0168781,
77.0784,138.867,52.5621,-8.38138,-78.1391,-0.0168781,
77.0784,138.867,52.5621,-8.38138,-78.1391,-0.0168781,
77.0784,138.867,52.5621,-8.38138,-78.1391,-0.0168781,
77.0784,138.867,52.5621,-8.38138,-78.1391,-0.0168781,
77.0784,138.867,52.5621,-8.38138,-78.1391,-0.0168781,
77.0784,138.867,52.5621,-8.38138,-78.1391,-0.0168781,
77.0784,138.867,52.5621,-8.38138,-78.1391,-0.0168781,
