Epoch	AverageEpRet	StdEpRet	MaxEpRet	MinEpRet	AverageEpCost	StdEpCost	MaxEpCost	MinEpCost	TotalEnvInteracts	Time
0	299.72296	22.251377	348.01773	260.7631	0.0	0.0	0.0	0.0	5000	7.499389171600342
1	258.70468	66.50898	328.87418	82.9575	0.4	0.91651505	3.0	0.0	10000	72.7894492149353
2	251.3667	41.66603	339.05133	191.95486	0.2	0.59999996	2.0	0.0	15000	153.07697439193726
3	257.79825	55.264233	326.7311	117.64181	1.0	2.6832814	9.0	0.0	20000	233.30558013916016
4	247.0231	27.145908	296.1828	186.8852	2.5	3.471311	10.0	0.0	25000	333.4353537559509
5	277.04846	41.890617	364.24713	234.43642	1.1	2.4677925	8.0	0.0	30000	414.33421874046326
6	283.06424	72.11111	385.53363	108.67675	0.45454547	1.1570839	4.0	0.0	35000	496.8807919025421
7	298.74734	66.48744	378.704	171.17055	2.1	3.6180103	11.0	0.0	40000	579.3305780887604
8	342.70502	56.53974	424.11224	262.56412	2.9	4.3920383	13.0	0.0	45000	660.8425512313843
9	379.9378	36.536953	432.7865	312.0179	8.3	9.121952	29.0	0.0	50000	740.2659919261932
10	361.92105	41.44509	426.266	269.91452	3.5	4.883646	16.0	0.0	55000	820.3233275413513
11	356.04767	44.705387	422.24014	282.62488	1.9	4.7843494	16.0	0.0	60000	901.1591074466705
12	352.8951	100.38968	548.0329	149.46384	7.6363635	8.76224	26.0	0.0	65000	982.9952557086945
13	416.0288	51.97206	486.2205	333.15967	7.6	7.5259547	20.0	0.0	70000	1067.3604304790497
14	445.63654	72.91915	551.0046	306.39728	8.1	9.213577	25.0	0.0	75000	1149.0034546852112
15	436.15616	73.93712	557.78503	268.3215	6.7	8.343261	28.0	0.0	80000	1230.6227328777313
16	453.7627	51.10629	550.989	385.20956	7.6	7.6967525	24.0	0.0	85000	1315.0700192451477
17	486.46362	90.629486	611.0428	317.47443	21.4	31.96936	110.0	0.0	90000	1401.775681257248
18	572.94415	68.98727	642.80615	400.09882	2.5	2.2472205	7.0	0.0	95000	1486.157131433487
19	545.05786	69.499985	649.06744	419.42007	6.8	7.5604234	25.0	0.0	100000	1570.831934928894
20	603.1732	84.55714	718.4312	449.0571	5.0	6.942622	20.0	0.0	105000	1677.1021621227264
21	626.6671	81.927666	750.06415	502.05225	5.7	4.148494	16.0	1.0	110000	1784.38250374794
22	615.33545	78.53123	737.15924	491.9374	7.4	5.624944	17.0	0.0	115000	1894.7912201881409
23	596.8968	93.768745	730.9934	444.42728	3.4	3.5552776	10.0	0.0	120000	2008.7386136054993
24	623.1288	150.70663	763.26575	332.10712	6.8	4.093898	12.0	0.0	125000	2132.7880294322968
25	708.67834	46.62998	778.0344	637.3844	3.9	3.6728735	12.0	0.0	130000	2272.8699011802673
26	677.2919	51.251278	724.6057	585.5634	3.9	4.482187	11.0	0.0	135000	2425.40376996994
27	700.7799	55.07017	765.5172	597.22784	1.8	2.6758175	8.0	0.0	140000	2582.7588539123535
28	742.0726	29.170568	783.33325	687.576	2.8	3.2802439	11.0	0.0	145000	2747.365102291107
29	790.53143	24.899376	825.32776	756.1681	2.3	3.9761791	13.0	0.0	150000	2919.725893974304
30	755.7625	89.555046	829.02014	505.03848	1.5	1.5	5.0	0.0	155000	3070.144206047058
31	702.42346	136.81978	806.9089	374.11935	4.1	3.3301654	10.0	0.0	160000	3209.7516827583313
32	834.43005	18.419575	866.5585	796.5513	2.2	2.5612497	9.0	0.0	165000	3363.2067811489105
33	779.19714	151.2643	871.8166	332.33636	5.7	5.273519	15.0	0.0	170000	3521.2957422733307
34	828.7417	15.710324	852.2972	800.5833	3.0	3.1304953	10.0	0.0	175000	3685.7396380901337
35	819.583	59.78298	867.4475	655.7279	3.4	2.3748684	8.0	0.0	180000	3861.596715450287
36	849.4168	38.27393	878.71533	744.63135	2.5	3.879433	13.0	0.0	185000	4036.202280521393
37	862.0758	20.759153	891.6979	826.6166	2.5	2.291288	6.0	0.0	190000	4209.678194284439
38	836.05273	24.495596	883.4515	782.4497	4.1	4.8877397	15.0	0.0	195000	4389.585520982742
39	851.29913	12.336458	866.0036	829.6592	1.7	2.531798	8.0	0.0	200000	4571.130859375
40	868.3924	10.819245	889.9022	850.2533	0.7	1.4866068	5.0	0.0	205000	4756.4808168411255
41	878.1076	23.074492	907.9432	824.1254	2.5	2.974895	9.0	0.0	210000	4935.447646379471
42	880.2342	27.64031	911.00684	805.697	2.3	2.6476405	8.0	0.0	215000	5112.607595205307
43	875.4164	22.286318	924.61005	852.9671	1.0	1.4142135	4.0	0.0	220000	5289.753924131393
44	888.1996	12.093657	915.9108	870.4202	0.7	1.0999999	3.0	0.0	225000	5469.72057723999
45	886.8309	18.717464	912.5531	853.0348	0.7	1.0049876	3.0	0.0	230000	5659.698295593262
46	905.444	11.008916	924.43646	889.9118	3.2	3.4292858	12.0	0.0	235000	5847.227455377579
47	891.84845	10.404491	908.99817	876.00037	0.8	1.4	4.0	0.0	240000	6028.392319917679
48	894.9051	17.989435	923.52325	866.1282	0.8	1.1661904	4.0	0.0	245000	6204.705057621002
49	909.02185	16.47251	930.4151	867.93384	3.7	4.0755367	12.0	0.0	250000	6380.981957912445
50	931.98987	9.898092	943.62054	907.4001	3.3	3.6619663	13.0	0.0	255000	6542.073702096939
51	918.75	12.80318	939.79944	895.48816	1.2	1.1661904	4.0	0.0	260000	6714.434784889221
52	913.7842	6.059851	921.54364	904.0072	1.4	1.3564659	5.0	0.0	265000	6903.782035112381
53	906.12805	13.187765	927.0299	875.74365	1.4	1.1135529	3.0	0.0	270000	7086.45432639122
54	916.01447	11.120751	932.65924	889.42896	2.4	2.416609	6.0	0.0	275000	7274.115322828293
55	927.15607	12.566549	946.4096	912.52515	2.2	2.0880613	7.0	0.0	280000	7444.382923603058
56	910.5433	16.299248	941.63885	876.44446	1.8	1.5362291	5.0	0.0	285000	7624.434632778168
57	913.02014	11.531266	926.8919	883.0006	1.1	1.5779734	5.0	0.0	290000	7803.0221519470215
58	909.2401	9.257426	921.7235	894.47046	0.2	0.4	1.0	0.0	295000	7987.874566316605
59	917.58167	5.746232	931.54736	910.32916	0.6	0.8	2.0	0.0	300000	8175.224875688553
60	919.06116	6.1050787	927.5526	908.89954	0.7	0.9	3.0	0.0	305000	8364.979166269302
61	924.0568	8.429445	939.5264	909.51935	1.3	1.0999999	3.0	0.0	310000	8545.634723186493
62	923.77783	7.540608	931.8075	905.62415	1.3	1.7349352	5.0	0.0	315000	8728.759333133698
63	930.92444	4.3901167	937.21265	923.50397	1.4	1.56205	5.0	0.0	320000	8903.47155714035
64	923.363	8.586602	940.25616	910.1645	2.3	2.0518284	5.0	0.0	325000	9094.677287101746
65	905.7484	9.650051	920.5967	888.8067	0.5	0.67082036	2.0	0.0	330000	9284.806851863861
66	911.6621	6.9015093	921.83295	897.3429	0.5	0.67082036	2.0	0.0	335000	9477.33443069458
67	911.90497	18.986366	936.2431	872.70026	1.2	1.4696939	5.0	0.0	340000	9665.92263674736
68	908.3535	14.177749	935.0739	887.94946	1.2	1.0770329	3.0	0.0	345000	9861.785063028336
69	916.4175	16.61653	944.5281	888.3716	1.8	1.6613249	5.0	0.0	350000	10051.881061077118
70	939.94226	10.135067	954.9835	922.2788	1.2	1.2489996	3.0	0.0	355000	10236.27765917778
71	929.07166	11.8701725	953.6342	911.1207	0.9	0.83066237	3.0	0.0	360000	10423.997079372406
72	941.20935	7.288421	953.6313	929.507	0.5	0.67082036	2.0	0.0	365000	10575.857938528061
73	924.3369	8.0937195	936.0146	907.9256	0.6	1.0198039	3.0	0.0	370000	10724.379288434982
74	931.236	14.7242365	946.2461	895.83777	1.1	1.2206556	4.0	0.0	375000	10871.039742231369
75	939.75555	4.6061597	945.84	932.60657	2.2	1.4	5.0	1.0	380000	11014.877786874771
76	943.121	13.959306	958.96277	911.48615	2.2	2.6381812	9.0	0.0	385000	11157.503628730774
77	944.10126	8.471802	954.8382	931.1459	1.9	2.0223749	7.0	0.0	390000	11296.506445884705
78	948.2147	11.182474	963.19904	925.40674	0.5	0.5	1.0	0.0	395000	11437.357369661331
79	952.8693	8.263912	964.60284	937.82275	0.8	0.6	2.0	0.0	400000	11579.703061819077
80	948.64636	8.897516	959.4252	929.3065	0.3	0.64031243	2.0	0.0	405000	11727.6795566082
81	945.26416	7.2836833	954.1033	929.28815	0.6	0.66332495	2.0	0.0	410000	11874.49651169777
82	943.97296	21.923635	972.3929	902.4633	1.7	1.3453624	5.0	0.0	415000	12006.911504030228
83	968.53577	10.386866	982.2964	950.37067	3.7	3.2878566	10.0	0.0	420000	12139.571727514267
84	943.25745	11.347211	968.31506	927.5182	0.6	0.48989794	1.0	0.0	425000	12283.816375494003
85	952.48566	12.367623	967.8552	932.7361	0.9	1.3	4.0	0.0	430000	12431.726157665253
86	953.72675	18.025812	980.46936	913.0847	1.3	1.3453623	4.0	0.0	435000	12579.266050577164
87	959.65393	11.808204	976.6015	944.03705	1.6	1.7435596	6.0	0.0	440000	12724.011839866638
88	963.19745	9.921416	981.36786	947.2345	1.0	0.8944272	3.0	0.0	445000	12863.307893514633
89	969.52606	8.414314	985.82214	961.1289	1.5	1.2041595	4.0	0.0	450000	13001.382874965668
90	958.1717	8.956379	975.2176	946.9228	1.3	2.6476405	9.0	0.0	455000	13141.712812662125
91	956.9088	9.042019	972.88153	940.1646	1.5	1.8027756	5.0	0.0	460000	13282.643120288849
92	957.6151	9.890354	973.7402	939.32324	1.4	0.9165151	3.0	0.0	465000	13423.497858524323
93	963.7075	7.4867268	975.3919	952.7706	0.6	0.8	2.0	0.0	470000	13557.71270775795
94	970.8166	11.577816	987.91943	951.9979	1.2	0.97979593	3.0	0.0	475000	13697.721810102463
95	968.431	10.177561	981.3929	949.80273	3.4	2.2891047	8.0	0.0	480000	13837.685373783112
96	965.0487	11.357217	982.9594	942.0063	1.2	1.1661904	4.0	0.0	485000	13981.659367799759
97	959.95215	9.35034	978.2389	946.9565	3.1	2.0223749	8.0	0.0	490000	14124.894971370697
98	973.47284	8.259541	990.15125	964.32446	3.5	2.6551836	7.0	0.0	495000	14265.772008657455
99	967.8548	14.4771805	983.4836	937.6761	1.7	1.4866068	5.0	0.0	500000	14411.96259689331
100	972.29376	9.2201	988.38794	953.3097	2.9	2.5475478	9.0	0.0	505000	14554.912349939346
101	977.2925	10.745849	994.75507	961.58136	2.0	1.7320508	5.0	0.0	510000	14687.113540649414
102	969.6299	11.977713	981.21466	943.5697	2.8	2.6758175	9.0	0.0	515000	14805.332580804825
103	966.37305	8.459383	986.95233	958.0807	1.1	1.2206556	3.0	0.0	520000	14923.36503458023
104	962.06213	8.967838	972.6661	948.4006	0.2	0.4	1.0	0.0	525000	15042.162878751755
105	977.4126	9.268223	994.06165	960.0615	4.8	4.0447497	13.0	0.0	530000	15151.793972492218
106	972.6865	4.8444805	980.7861	966.08514	2.2	1.2489996	5.0	1.0	535000	15266.934618473053
107	966.01154	6.982797	978.2212	958.78064	1.6	1.6852299	4.0	0.0	540000	15383.196127414703
108	967.22003	10.311298	985.12195	950.6765	1.9	1.6999999	6.0	0.0	545000	15496.540040254593
109	970.4582	7.8942485	987.0676	961.64813	2.2	1.989975	7.0	0.0	550000	15599.144991636276
110	977.21484	11.498745	991.2084	946.3869	0.8	1.077033	3.0	0.0	555000	15694.365612506866
111	974.9927	11.634443	992.2274	948.02136	1.3	2.93428	10.0	0.0	560000	15790.818474054337
112	975.76794	11.353881	991.9283	957.22394	2.0	1.8439089	6.0	0.0	565000	15888.471067667007
113	974.3503	5.702071	983.9988	965.68774	1.3	1.0049876	3.0	0.0	570000	15988.21834731102
114	965.39685	10.224873	984.81226	948.92487	3.6	3.104835	9.0	0.0	575000	16085.39545917511
115	964.23553	11.213451	982.5428	949.30914	1.7	1.4177446	5.0	0.0	580000	16178.81296157837
116	971.39404	13.810382	985.14264	933.94904	7.1	3.5341194	14.0	1.0	585000	16274.90977883339
117	966.3833	9.256587	987.93304	953.33844	6.2	4.5122056	15.0	0.0	590000	16376.06466293335
118	967.86005	19.257027	989.2725	931.7974	2.9	2.0223749	6.0	0.0	595000	16477.159168958664
119	982.0461	10.616778	999.2994	961.766	2.2	1.1661904	4.0	0.0	600000	16572.802357196808
120	975.65106	10.463209	998.6503	959.5592	1.9	1.4456832	5.0	0.0	605000	16675.031991243362
121	977.26544	8.312804	989.7503	961.9775	1.7	1.1874342	4.0	0.0	610000	16775.83974289894
122	985.3221	6.245144	995.1852	973.93604	2.7	2.0024984	5.0	0.0	615000	16871.804954767227
123	990.736	6.5024734	1004.73615	982.1786	2.6	1.8	6.0	0.0	620000	16969.563135147095
124	982.29474	6.197801	993.80035	973.5695	2.7	2.2383032	8.0	0.0	625000	17068.428843975067
125	979.66943	12.115259	993.30255	955.7082	3.4	2.2891047	8.0	0.0	630000	17165.669692754745
126	980.3587	7.0615487	991.66516	970.3274	3.0	2.144761	8.0	0.0	635000	17263.548184394836
127	984.03436	6.5975747	992.64014	974.5808	2.6	2.3323808	8.0	0.0	640000	17361.518622636795
128	980.11865	9.03884	998.06726	965.92505	1.7	2.147091	6.0	0.0	645000	17459.979037046432
129	985.47314	5.570555	993.44183	975.1941	1.5	1.6881943	5.0	0.0	650000	17561.680609941483
130	990.88684	6.0013714	999.7178	979.4037	3.1	3.0149627	9.0	0.0	655000	17662.418699741364
131	989.9733	6.1144896	998.9188	977.9727	2.1	1.4456832	5.0	0.0	660000	17759.500116348267
132	981.7389	6.217951	991.4641	971.063	2.2	1.6613247	6.0	0.0	665000	17861.02013349533
133	977.4582	6.5781574	987.5686	971.0289	0.7	1.0049876	3.0	0.0	670000	17956.309245586395
134	990.0632	8.652519	1001.2459	975.701	2.0	1.8439089	6.0	0.0	675000	18051.531817913055
135	986.221	8.543955	997.41455	966.9729	1.8	1.8330302	4.0	0.0	680000	18149.62366271019
136	984.25964	8.662913	998.35297	970.5036	1.3	1.3453623	3.0	0.0	685000	18246.094830274582
137	985.12714	11.28586	1003.1841	967.65717	1.5	1.5652477	5.0	0.0	690000	18345.984610795975
138	989.23553	12.6012745	1005.73505	969.1437	1.9	1.8681543	5.0	0.0	695000	18435.403277873993
139	995.4206	10.353259	1013.6766	980.5659	1.9	1.1357816	3.0	0.0	700000	18526.606171131134
140	991.10046	9.374716	1010.003	974.9278	2.7	2.6851444	9.0	0.0	705000	18616.56838774681
141	990.4686	9.6499605	1001.2195	974.6196	1.4	1.2806249	3.0	0.0	710000	18706.219546556473
142	978.7684	12.921352	990.694	944.1519	1.4	1.1999999	4.0	0.0	715000	18808.368268013
143	973.25134	9.739874	988.7957	957.6656	0.4	0.66332495	2.0	0.0	720000	18907.629102945328
144	978.06134	7.0463386	989.38776	964.17773	1.3	1.5524175	5.0	0.0	725000	19010.028739452362
145	974.2407	9.95125	986.61835	957.8262	2.6	2.6907248	10.0	0.0	730000	19113.255425214767
146	987.33887	10.400179	1000.55054	967.7575	1.1	1.4456832	5.0	0.0	735000	19209.968068361282
147	991.7098	5.150172	1000.03033	980.9455	1.4	1.0198039	3.0	0.0	740000	19310.12825345993
148	994.92053	9.568756	1008.80585	979.6538	2.1	1.6999999	5.0	0.0	745000	19408.173171520233
149	983.25165	10.320199	999.52814	965.6327	2.4	1.7435595	5.0	0.0	750000	19507.77520632744
150	998.30115	13.575434	1022.3581	978.5636	3.6	2.4576411	8.0	0.0	755000	19597.317763328552
151	1009.9795	12.5069685	1032.9049	985.14404	9.2	3.5721142	16.0	5.0	760000	19690.00424695015
152	996.8971	13.139317	1011.1753	969.6226	4.6	2.6907248	11.0	0.0	765000	19788.401532888412
153	984.03284	15.987626	1012.995	955.2187	3.2	3.0265493	10.0	0.0	770000	19886.330592155457
154	989.9222	7.87861	1004.05853	975.7376	1.2	1.6	5.0	0.0	775000	19981.242427110672
155	991.77844	8.129577	1009.6577	980.4633	2.2	1.9899747	5.0	0.0	780000	20078.236212968826
156	988.67365	11.004826	1012.08136	977.02075	1.8	1.720465	5.0	0.0	785000	20172.712944984436
157	991.0939	10.135328	1005.07056	976.3123	3.8	2.2271059	8.0	1.0	790000	20267.468608379364
158	986.9574	11.98132	1005.923	973.0246	1.5	1.3601471	4.0	0.0	795000	20363.362058401108
159	986.82794	11.444124	1000.5781	960.4968	1.0	0.8944272	3.0	0.0	800000	20457.594120025635
160	1001.4128	7.4071345	1011.7009	987.7889	1.8	2.6	9.0	0.0	805000	20549.452387332916
161	996.79376	8.171229	1009.6901	978.8179	1.4	1.1999999	4.0	0.0	810000	20640.937916755676
162	994.1664	9.5870075	1008.09985	974.7661	1.5	1.8027756	6.0	0.0	815000	20734.60879969597
163	994.28455	10.897105	1010.8	973.73395	1.7	1.6763054	5.0	0.0	820000	20830.58396100998
164	986.7303	11.401854	1004.41095	966.8832	2.2	1.7776389	5.0	0.0	825000	20925.140078783035
165	1001.7001	9.023379	1016.8574	985.3783	2.7	2.0024984	7.0	0.0	830000	21023.285046577454
166	996.2875	13.770559	1020.9753	977.3285	2.1	2.0223749	6.0	0.0	835000	21123.673920869827
167	1007.362	10.600659	1019.9408	984.4047	2.3	1.5524175	6.0	0.0	840000	21221.600443840027
168	996.1703	9.495558	1009.58984	979.18396	1.1	1.0440307	3.0	0.0	845000	21319.24945807457
169	993.3117	11.145172	1011.9114	970.32806	1.1	1.3747728	4.0	0.0	850000	21421.6899664402
170	1004.54285	8.073507	1013.42334	990.05914	2.7	2.0024984	7.0	0.0	855000	21522.337378501892
171	984.97705	14.645178	1003.1258	958.5295	1.3	1.0049876	3.0	0.0	860000	21621.603225946426
172	1000.55725	7.7050247	1012.68274	990.0015	0.9	1.2206556	3.0	0.0	865000	21718.992697954178
173	1004.12256	11.028301	1026.1096	985.85425	1.3	1.2688577	4.0	0.0	870000	21817.825560331345
174	995.49884	12.929388	1018.0297	971.80664	1.4	1.3564659	4.0	0.0	875000	21915.92680811882
175	1009.97327	7.6608	1027.2666	997.4349	1.2	1.1661904	4.0	0.0	880000	22013.126490354538
176	1011.8169	8.973631	1032.1467	1001.6779	1.2	0.7483315	2.0	0.0	885000	22110.328845262527
177	986.33777	15.74191	1010.0054	959.54315	0.6	0.9165151	3.0	0.0	890000	22208.124491214752
178	992.21387	7.4442663	1004.2681	981.1475	0.9	1.4456832	5.0	0.0	895000	22307.25812268257
179	1000.0708	10.686287	1018.7073	985.96967	2.4	2.4576411	7.0	0.0	900000	22402.543211460114
180	993.54944	17.02674	1021.3284	965.08777	2.4	2.2	6.0	0.0	905000	22502.009247541428
181	996.1794	9.56179	1010.9553	979.7738	1.7	1.8466187	6.0	0.0	910000	22601.729903697968
182	989.2697	12.846341	1002.6114	954.3208	1.2	1.2489996	4.0	0.0	915000	22703.97846865654
183	984.3284	12.189214	1003.63385	966.48883	0.7	0.78102493	2.0	0.0	920000	22806.56767630577
184	999.9237	13.916486	1015.549	969.57745	1.1	1.1357818	4.0	0.0	925000	22909.3573346138
185	992.66016	16.390265	1023.9981	965.2884	1.3	1.0049876	3.0	0.0	930000	23012.69566011429
186	993.8568	17.639362	1011.85425	956.91595	1.7	1.4866068	5.0	0.0	935000	23114.33966088295
187	996.19495	7.8857036	1010.3956	983.9808	1.4	1.1999999	4.0	0.0	940000	23218.703924179077
188	995.67645	13.440776	1012.9293	970.492	0.9	1.2206556	3.0	0.0	945000	23318.69221496582
189	1001.81384	13.049642	1015.25916	967.68835	3.6	2.6532998	8.0	0.0	950000	23419.22078371048
190	999.31464	8.994891	1013.0115	984.40155	1.8	1.077033	3.0	0.0	955000	23517.49099469185
191	997.5646	11.779929	1021.15454	981.00085	1.4	1.4282856	4.0	0.0	960000	23612.508615493774
192	999.34247	12.568542	1017.5891	974.25336	1.5	1.6278821	5.0	0.0	965000	23707.32692337036
193	1010.64667	11.0307665	1025.4032	990.4152	3.2	2.3151674	7.0	0.0	970000	23800.922606945038
194	1012.534	7.155152	1020.538	1000.55707	1.2	0.97979593	3.0	0.0	975000	23896.232425928116
195	993.05304	12.241095	1015.6803	977.4324	1.2	1.7776389	6.0	0.0	980000	23991.91069459915
196	1000.54395	15.924778	1023.78937	971.014	0.8	0.74833155	2.0	0.0	985000	24091.044798374176
197	1004.61835	13.395174	1023.18677	979.6833	1.2	2.0880613	7.0	0.0	990000	24188.12323284149
198	1005.652	10.062565	1020.1257	985.03644	1.3	1.5524174	5.0	0.0	995000	24284.30490088463
199	1005.20624	7.5949764	1016.888	993.50085	1.2	1.3266499	4.0	0.0	1000000	24381.948071718216
