Epoch	AverageEpRet	StdEpRet	MaxEpRet	MinEpRet	AverageEpCost	StdEpCost	MaxEpCost	MinEpCost	TotalEnvInteracts	Time
0	299.72296	22.251377	348.01773	260.7631	0.0	0.0	0.0	0.0	5000	51.614389181137085
1	259.33493	46.660797	342.25348	170.71178	0.2	0.59999996	2.0	0.0	10000	138.0110023021698
2	231.03255	72.65156	357.6059	86.40983	1.0	1.8973665	6.0	0.0	15000	227.10767078399658
3	279.96753	48.236828	344.5028	186.20673	0.2	0.59999996	2.0	0.0	20000	321.6359417438507
4	221.0842	87.705734	352.23358	71.859695	2.1	4.6572523	15.0	0.0	25000	410.75673270225525
5	251.15155	66.483955	352.81458	95.65182	2.4545455	5.2633142	17.0	0.0	30000	503.46308398246765
6	277.14703	25.979078	320.55008	238.1986	1.2	2.9933262	10.0	0.0	35000	599.8987901210785
7	271.206	56.59705	385.66486	175.50482	0.6	1.2806249	4.0	0.0	40000	717.6032631397247
8	278.4416	42.823124	363.7645	199.4108	2.9	5.3000007	16.0	0.0	45000	810.7636711597443
9	356.3625	47.945217	449.51782	301.69818	8.7	10.668176	33.0	0.0	50000	903.92138838768
10	379.516	57.84598	480.52017	280.15292	2.7	3.822303	11.0	0.0	55000	1014.8866677284241
11	357.86108	56.037174	442.606	252.57779	4.6	7.6576757	25.0	0.0	60000	1124.9113731384277
12	356.9936	61.241997	421.85376	211.37192	2.6	5.986652	20.0	0.0	65000	1240.23388338089
13	388.6002	60.091347	507.59863	303.72763	4.7	6.403905	22.0	0.0	70000	1343.2837271690369
14	402.0324	36.321445	459.74854	358.65515	2.8	5.192302	17.0	0.0	75000	1443.1086268424988
15	402.49103	54.46844	482.38004	273.6349	4.090909	4.122103	12.0	0.0	80000	1539.7092444896698
16	415.62177	69.50108	512.29584	302.36655	4.7	5.8489313	19.0	0.0	85000	1635.3706214427948
17	429.68646	52.033012	529.39044	360.7773	3.0	5.4405885	18.0	0.0	90000	1754.4229791164398
18	437.34186	50.880947	526.8465	370.48602	10.8	11.133733	36.0	0.0	95000	1862.2082109451294
19	451.2792	62.21038	572.58856	347.1971	25.5	58.084854	199.0	0.0	100000	1962.3379786014557
20	479.1081	45.205097	538.5919	408.52432	3.8	3.6276712	10.0	0.0	105000	2124.495370864868
21	425.09384	54.328712	502.22852	320.6284	1.1	1.7578397	6.0	0.0	110000	2306.655854701996
22	485.15625	37.397232	558.3634	427.65445	5.3	5.311309	15.0	0.0	115000	2486.2089715003967
23	501.0045	50.74325	594.0559	409.0053	5.9	7.105632	24.0	0.0	120000	2643.6359946727753
24	509.6277	51.852295	617.15137	421.58987	1.5	2.0124612	5.0	0.0	125000	2833.6994037628174
25	539.2218	22.067099	571.29834	496.0725	3.1	3.9610605	12.0	0.0	130000	3025.871510744095
26	573.25073	32.50723	624.1075	528.2831	4.7	6.768308	19.0	0.0	135000	3225.2645013332367
27	596.77435	45.728386	662.001	503.99533	1.9	2.2113342	6.0	0.0	140000	3409.260496854782
28	618.9089	53.132706	679.38965	473.64667	23.2	31.387259	92.0	0.0	145000	3594.7157859802246
29	609.9723	67.6239	702.1565	459.6267	18.5	31.391878	109.0	0.0	150000	3775.2166633605957
30	685.4745	40.949566	755.34174	628.6766	9.3	6.341136	20.0	0.0	155000	3954.5547823905945
31	675.1073	31.81839	731.67377	630.222	10.7	20.62062	72.0	0.0	160000	4162.724449396133
32	732.09357	87.3804	834.8148	573.51697	5.3	5.3301034	17.0	0.0	165000	4365.806227445602
33	776.746	30.099966	837.1664	730.7081	3.3	3.067572	8.0	0.0	170000	4569.9436202049255
34	757.9772	60.67445	809.0483	630.2295	5.8	6.584831	21.0	0.0	175000	4772.878581285477
35	792.95953	18.925278	828.7932	763.8105	6.1	4.3	16.0	1.0	180000	4983.201219797134
36	816.9277	46.305473	869.60614	691.3966	4.8	5.509991	17.0	0.0	185000	5206.209836244583
37	824.0428	22.416357	856.2495	788.1215	4.8	2.8565714	9.0	0.0	190000	5417.842307329178
38	851.3712	12.260408	870.0844	834.5185	6.1	5.3563046	16.0	0.0	195000	5638.239982366562
39	833.45636	25.86422	866.433	766.79315	4.3	5.4781384	15.0	0.0	200000	5874.31364107132
40	856.62195	12.158618	877.4686	839.3223	2.3	1.9	6.0	0.0	205000	6094.850142240524
41	873.1244	11.418926	890.4498	848.0635	4.9	3.8845851	11.0	0.0	210000	6292.212480306625
42	885.2368	15.064399	907.8302	866.01624	4.5	2.5	10.0	2.0	215000	6485.186877250671
43	877.6735	26.207674	913.9647	833.45667	6.3	8.462269	29.0	0.0	220000	6690.840903759003
44	899.1388	7.8479767	911.50934	887.6123	5.9	4.1340055	13.0	0.0	225000	6896.105103731155
45	909.55646	11.7960415	930.0038	889.0163	7.1	4.614109	15.0	0.0	230000	7115.289509534836
46	897.1874	11.270913	915.188	879.6987	7.8	4.4	18.0	2.0	235000	7335.799963712692
47	897.03973	15.198832	923.04297	874.78015	6.9	5.2430906	17.0	2.0	240000	7551.689785003662
48	910.4982	9.479805	923.5115	892.6059	7.1	4.253234	16.0	2.0	245000	7764.10226726532
49	900.5563	10.130817	913.68567	881.67554	4.5	3.879433	11.0	0.0	250000	7978.513659000397
50	893.7126	11.45668	909.7494	871.5478	3.5	3.7215588	11.0	0.0	255000	8210.456461429596
51	890.47986	18.539236	927.83435	852.37695	3.4	4.3634853	16.0	0.0	260000	8440.491341352463
52	880.86835	24.939161	914.1199	831.7081	3.5	2.6551836	9.0	1.0	265000	8678.739348888397
53	877.3148	27.496544	912.5504	805.64075	3.4	3.4117444	11.0	0.0	270000	8910.683309078217
54	892.0501	16.242199	919.56934	858.89026	6.3	5.8660035	22.0	1.0	275000	9134.648547887802
55	901.50116	10.375461	917.2102	888.91077	7.2	4.2614555	15.0	1.0	280000	9335.824350833893
56	916.22986	9.169431	933.29785	900.5425	8.3	3.4942808	14.0	2.0	285000	9535.374898672104
57	921.63477	10.129646	942.81415	903.04224	8.9	4.763402	19.0	2.0	290000	9730.331243753433
58	904.59827	10.551843	925.7746	884.5751	4.3	2.758623	10.0	0.0	295000	9943.876427173615
59	932.58563	10.342506	952.5037	917.0364	7.4	4.498889	20.0	3.0	300000	10149.537560224533
60	915.80927	9.410533	927.7632	891.0909	5.7	5.4598536	21.0	1.0	305000	10360.847651958466
61	915.6178	12.501874	933.89465	889.76575	4.6	2.5768197	9.0	1.0	310000	10551.817687749863
62	921.1083	16.278612	947.31256	889.4383	9.6	8.822699	25.0	1.0	315000	10718.285686254501
63	922.33594	13.658569	939.7237	890.77136	6.3	4.4056783	16.0	2.0	320000	10890.071748018265
64	914.3294	24.240803	942.49255	865.10504	6.9	5.1468434	15.0	0.0	325000	11067.200022697449
65	902.59656	20.80624	936.1111	863.87866	3.0	1.7888544	5.0	0.0	330000	11240.507019758224
66	914.7795	36.336605	951.826	846.2839	4.3	4.817676	18.0	0.0	335000	11411.391248226166
67	938.14636	11.341807	956.98737	924.7085	7.0	4.0249224	13.0	1.0	340000	11573.015850543976
68	931.15283	18.96493	950.59186	885.58887	4.6	2.1540658	8.0	2.0	345000	11732.919632911682
69	937.75134	16.08819	958.5761	896.3106	5.5	2.7294688	11.0	1.0	350000	11887.721044301987
70	951.12714	6.8289223	960.908	938.97266	7.7	3.2878566	13.0	2.0	355000	12028.662163496017
71	941.78625	9.622446	956.4267	924.29565	7.7	5.158488	20.0	2.0	360000	12183.67135643959
72	951.1229	8.993503	965.504	934.18054	3.7	3.494281	12.0	0.0	365000	12323.681520700455
73	946.946	11.857635	967.5837	925.305	4.1	2.1656408	8.0	0.0	370000	12485.273708581924
74	947.13214	15.013985	973.7177	920.389	3.6	2.154066	8.0	0.0	375000	12648.51373410225
75	955.5465	7.778783	968.5696	939.7246	5.0	3.0	11.0	2.0	380000	12810.132433652878
76	950.82684	11.467709	965.544	928.7167	4.7	2.6095974	10.0	1.0	385000	12975.170060157776
77	941.1802	25.860844	963.33685	876.03253	3.0	1.4142135	6.0	1.0	390000	13143.931765556335
78	947.3732	12.045869	963.7894	928.7498	6.1	3.5623026	12.0	2.0	395000	13313.014172792435
79	936.6393	21.040787	968.04865	887.03186	10.0	6.6633325	21.0	2.0	400000	13477.405965805054
80	940.4878	17.777245	958.28925	899.9456	2.7	2.1000001	6.0	0.0	405000	13642.3965113163
81	955.6784	9.581766	969.8604	935.727	4.4	3.0724583	9.0	1.0	410000	13806.782938718796
82	965.1891	8.617759	980.27454	950.9427	5.0	2.792848	9.0	0.0	415000	13971.540923118591
83	948.81384	11.890677	967.3308	931.8215	4.6	1.9595919	8.0	2.0	420000	14152.973841190338
84	948.64844	13.510442	963.0913	922.7439	4.3	4.1000004	13.0	0.0	425000	14333.114059448242
85	947.0206	18.025234	968.06384	920.6108	4.3	2.6476405	8.0	1.0	430000	14517.408365249634
86	951.9798	15.026444	976.42224	922.5683	1.9	1.7578394	5.0	0.0	435000	14688.927348613739
87	947.56396	10.364955	958.46515	929.9417	2.3	1.4866068	5.0	0.0	440000	14833.271845817566
88	945.3665	20.18506	971.4778	910.7229	3.6	2.4576411	8.0	0.0	445000	14977.627731323242
89	950.14954	10.211128	965.8372	934.79803	3.5	1.5652477	7.0	1.0	450000	15114.968508958817
90	955.334	4.495338	960.8189	947.14343	4.6	2.6907248	10.0	1.0	455000	15252.52686214447
91	958.48096	11.080974	974.29224	935.3781	5.0	1.6124516	7.0	2.0	460000	15387.539531946182
92	962.8856	4.580414	971.3691	956.7128	4.7	1.9	8.0	2.0	465000	15526.93520617485
93	959.14246	7.959796	970.5936	946.44904	3.7	1.7916473	6.0	1.0	470000	15639.466390371323
94	965.0133	8.551392	977.9227	952.29694	4.5	2.539685	10.0	2.0	475000	15745.46207523346
95	962.20105	13.181301	976.59735	929.5377	6.2	2.9257476	10.0	2.0	480000	15850.058905363083
96	964.2267	12.610719	982.9835	937.9725	6.3	3.2878563	12.0	2.0	485000	15949.770774364471
97	970.6066	7.2315884	980.7289	959.1116	5.5	2.7658634	11.0	1.0	490000	16051.54033946991
98	970.3381	6.666054	987.24976	963.2424	7.0	5.234501	20.0	1.0	495000	16155.261194705963
99	968.96454	5.4207826	977.451	960.48083	4.9	2.9137604	12.0	2.0	500000	16259.117958784103
100	966.4456	8.7697315	979.7078	953.4052	7.5	6.0207973	17.0	0.0	505000	16354.382541894913
101	977.72766	7.3345456	986.8924	962.5897	7.3	2.8999999	13.0	3.0	510000	16451.831470489502
102	980.7902	4.68042	987.36255	973.08984	4.5	2.4596748	10.0	1.0	515000	16552.73775243759
103	974.736	9.927673	986.4974	958.5204	4.1	2.2113342	9.0	1.0	520000	16658.291761159897
104	966.75275	9.499947	980.7586	950.0425	3.0	1.0954452	5.0	1.0	525000	16768.12578511238
105	960.6823	9.251867	978.1869	945.7338	3.0	3.4928498	13.0	1.0	530000	16878.200716495514
106	963.43555	12.793113	981.3347	932.88776	2.7	1.6155494	6.0	0.0	535000	16987.751987218857
107	971.09863	7.5727954	990.27344	963.5899	3.2	1.6613249	7.0	1.0	540000	17089.572827100754
108	980.8273	5.882875	991.8606	972.63043	5.5	3.3241541	12.0	2.0	545000	17189.169012784958
109	991.04895	7.280279	1003.5338	978.29645	6.1	3.3	13.0	1.0	550000	17288.246928930283
110	970.9762	10.505932	985.81494	954.6701	4.7	3.132092	8.0	0.0	555000	17392.037531852722
111	982.2492	7.3759475	994.0398	971.39124	3.7	2.0024984	7.0	0.0	560000	17494.346747159958
112	986.9752	9.131555	1002.45135	969.9265	5.0	3.2863355	12.0	1.0	565000	17596.433743953705
113	989.9349	8.372613	1009.8589	979.92554	3.3	1.5524175	6.0	1.0	570000	17695.768023252487
114	987.5169	6.2167053	996.9668	977.77325	3.0	1.7320508	6.0	1.0	575000	17791.90141558647
115	998.04266	7.406573	1006.7847	984.0183	3.8	2.7856774	9.0	0.0	580000	17885.941351413727
116	988.986	7.005408	999.85095	970.6126	5.0	4.6260133	16.0	0.0	585000	17980.5554959774
117	994.2996	10.079956	1010.3624	976.73535	6.4	2.4576411	10.0	3.0	590000	18076.768921613693
118	989.8568	7.1797485	1000.9481	980.11505	7.8	2.4819348	11.0	4.0	595000	18173.92775964737
119	983.92957	7.1467876	993.0151	972.9702	5.5	3.0083218	10.0	0.0	600000	18276.262477636337
120	983.8006	5.9047923	993.2086	972.43866	4.6	3.8781435	15.0	1.0	605000	18378.276304721832
121	985.0926	12.50189	996.791	953.2684	1.8	1.4	4.0	0.0	610000	18481.307859420776
122	989.9238	7.865278	1003.9394	977.05646	2.1	1.3747727	4.0	0.0	615000	18588.46750354767
123	991.50916	7.282242	1000.7698	978.2359	2.8	2.1354156	8.0	0.0	620000	18685.94455718994
124	985.8707	6.1402516	997.8044	976.2252	2.6	1.356466	4.0	0.0	625000	18786.966494321823
125	993.7336	6.3934546	1005.2403	983.2612	1.6	1.1135529	3.0	0.0	630000	18884.883446455002
126	992.56604	6.3189583	1001.9296	977.88	3.4	3.0397367	10.0	0.0	635000	18983.879094600677
127	998.6292	6.830089	1013.3107	989.86	3.3	2.3685439	8.0	0.0	640000	19081.529693603516
128	1001.66504	5.441146	1009.49976	993.26514	2.7	1.6763054	5.0	0.0	645000	19173.76581120491
129	1006.8589	3.7467997	1014.4534	999.8	4.2	2.8913665	9.0	1.0	650000	19265.09473156929
130	998.3039	5.1827826	1007.6898	991.12274	2.0	1.6124516	6.0	1.0	655000	19361.19949698448
131	1003.26526	7.875042	1012.9903	988.72546	4.6	2.57682	10.0	1.0	660000	19459.636751413345
132	998.525	12.068756	1019.1056	981.53705	6.2	2.3151672	10.0	3.0	665000	19556.779776334763
133	1005.86035	8.576123	1022.2676	993.8964	6.5	3.7749171	13.0	1.0	670000	19656.99074268341
134	997.68835	5.1184206	1009.15894	990.89417	5.5	3.8013155	12.0	0.0	675000	19758.82244849205
135	993.6421	8.626608	1006.5001	979.78253	3.5	2.376973	9.0	1.0	680000	19865.16406583786
136	991.7206	9.429405	1005.631	977.42395	1.7	1.3453624	4.0	0.0	685000	19974.037751197815
137	993.3843	9.34005	1006.7911	975.10077	2.3	1.4866068	5.0	1.0	690000	20078.485654354095
138	998.83136	7.0521994	1008.0824	986.2877	3.5	2.0124612	7.0	0.0	695000	20174.351653575897
139	1000.6782	9.156979	1016.09937	985.7566	4.7	2.0024984	9.0	2.0	700000	20270.67809176445
140	990.6085	16.494198	1013.88104	962.9459	6.1	2.5079873	11.0	3.0	705000	20364.795571565628
141	994.08997	14.317558	1018.73584	975.11255	5.3	2.9342802	10.0	2.0	710000	20474.14664888382
142	995.39734	14.444691	1018.2362	969.678	1.9	1.5132747	4.0	0.0	715000	20585.751547574997
143	970.972	14.518291	987.43335	938.1402	2.2	1.4	6.0	1.0	720000	20702.561773061752
144	981.98987	10.327882	1000.3176	966.266	1.8	2.0396078	7.0	0.0	725000	20818.817471027374
145	987.26935	7.860199	997.6861	976.1224	2.6	2.1071308	6.0	0.0	730000	20930.308116197586
146	983.2233	17.527266	1004.9338	951.5701	1.7	1.5524175	5.0	0.0	735000	21041.862211942673
147	989.73047	8.455074	1006.9136	970.9369	2.9	1.5132746	5.0	0.0	740000	21150.843791484833
148	998.64124	7.2288227	1006.1948	985.8395	2.7	1.6763054	6.0	0.0	745000	21257.946563243866
149	992.2637	10.227349	1009.6278	973.2125	2.6	2.6533	9.0	0.0	750000	21360.551368951797
150	999.7459	8.5810995	1010.3879	982.3312	3.5	2.6172504	8.0	0.0	755000	21459.554322719574
151	1002.18176	10.8087	1015.0429	978.9086	2.7	1.0049875	4.0	1.0	760000	21557.36147427559
152	1007.89197	9.040519	1016.76733	986.5117	3.9	2.0712316	7.0	1.0	765000	21651.103196144104
153	1012.516	6.491568	1023.25543	999.0285	5.2	2.3151672	10.0	2.0	770000	21741.95181107521
154	1011.67267	9.177354	1019.1063	988.7786	4.9	3.4770677	12.0	2.0	775000	21839.166321992874
155	998.6512	8.620246	1012.6798	983.95575	3.7	1.8466185	6.0	0.0	780000	21942.223324537277
156	1002.2645	11.199234	1024.1006	983.1922	4.8	1.6	7.0	2.0	785000	22046.767418384552
157	1001.6959	10.0247135	1017.4121	981.51025	3.1	1.6401219	5.0	0.0	790000	22149.90652871132
158	1006.37634	6.9693375	1016.08966	992.48663	5.3	2.0024984	8.0	2.0	795000	22253.7351000309
159	1003.91455	6.6943517	1015.40137	994.4409	4.1	2.118962	7.0	0.0	800000	22348.88649392128
160	1012.72864	5.8866925	1021.1661	1002.4007	5.0	1.6124516	7.0	2.0	805000	22439.37518620491
161	1025.4382	5.4939656	1033.9006	1015.2702	11.3	2.7221315	16.0	7.0	810000	22532.688017845154
162	1016.7655	5.0962543	1022.237	1006.5575	3.7	1.4866068	6.0	1.0	815000	22630.937220811844
163	1011.87274	7.166556	1022.7441	996.777	4.2	2.9257476	10.0	1.0	820000	22737.293280124664
164	1001.8776	6.0544925	1012.036	990.931	2.5	1.3601471	5.0	0.0	825000	22842.873515844345
165	1004.83264	8.933936	1017.4664	989.0084	1.7	1.3453624	5.0	0.0	830000	22955.06091952324
166	998.28674	8.0175495	1007.1913	985.5334	2.7	2.1931713	8.0	0.0	835000	23069.473757505417
167	1004.9562	6.258232	1014.90137	992.37036	5.1	2.118962	8.0	1.0	840000	23181.453206539154
168	1008.52637	6.946899	1026.0691	1000.2776	4.1	3.04795	12.0	1.0	845000	23298.854726314545
169	1006.9404	4.624878	1013.81146	997.51514	3.0	2.4494898	9.0	0.0	850000	23415.312479496002
170	1004.99915	12.023389	1023.9633	984.43085	3.3	1.8466187	6.0	0.0	855000	23526.540870666504
171	1010.21893	8.7144375	1024.8672	999.4692	3.5	3.2634337	12.0	1.0	860000	23635.11979985237
172	1016.9624	8.536496	1029.4408	997.868	4.5	1.8574176	7.0	1.0	865000	23732.563723802567
173	987.04724	48.72136	1023.7244	855.43756	6.2	2.2715633	11.0	4.0	870000	23818.727716207504
174	1023.23114	4.991451	1031.4597	1016.5857	6.0	3.4058774	13.0	2.0	875000	23913.57655930519
175	1007.46716	8.612417	1020.49115	997.76807	5.0	1.264911	8.0	3.0	880000	24017.913344860077
176	998.1545	9.994789	1012.1506	983.3151	1.8	1.4	5.0	0.0	885000	24124.10580253601
177	985.9373	8.489003	1001.22687	975.9724	1.2	0.97979593	2.0	0.0	890000	24238.272124767303
178	997.65027	13.440932	1010.36523	965.3266	2.3	1.951922	7.0	0.0	895000	24353.683764457703
179	989.9137	12.365725	1008.8937	967.9197	1.2	1.3266499	3.0	0.0	900000	24454.493676900864
180	997.0377	12.879521	1016.1023	974.1032	1.4	1.0198039	3.0	0.0	905000	24548.479101657867
181	1000.5902	8.36681	1009.7468	979.50775	3.0	1.4832398	5.0	1.0	910000	24644.69259953499
182	985.8591	14.071389	1004.6803	956.97	2.1	1.868154	7.0	0.0	915000	24736.73943901062
183	1000.8	18.70007	1021.58374	967.9056	2.1	1.9723083	6.0	0.0	920000	24826.643305301666
184	1015.7538	5.0279737	1022.0803	1005.18835	3.6	1.8547237	7.0	1.0	925000	24910.34085392952
185	1014.31757	3.9299784	1023.0409	1007.9249	1.3	1.1874342	3.0	0.0	930000	24993.422447919846
186	1009.27966	7.4571114	1020.0536	993.12335	2.1	1.3	4.0	0.0	935000	25076.325701713562
187	1010.40564	7.1008425	1023.3504	999.20465	5.0	2.529822	9.0	1.0	940000	25162.62965965271
188	1014.7987	9.083541	1027.4525	998.18866	3.3	3.1	9.0	0.0	945000	25249.457297086716
189	1011.62775	4.9320703	1020.6714	1004.7871	2.9	1.868154	7.0	0.0	950000	25340.033042430878
190	1006.2684	5.241926	1017.35657	999.1598	4.3	2.0024984	9.0	2.0	955000	25429.80150604248
191	1011.88495	4.4317584	1018.28253	1003.77594	2.2	1.3266499	5.0	0.0	960000	25522.84158229828
192	1009.7703	7.8636765	1022.80426	993.0221	2.5	1.4317821	5.0	1.0	965000	25614.10219669342
193	1012.1877	5.3176217	1021.7043	1003.38336	1.6	1.56205	5.0	0.0	970000	25708.52869963646
194	1006.1763	8.185797	1017.288	991.50104	2.6	1.8547237	6.0	0.0	975000	25803.77331519127
195	1001.2821	19.999615	1020.8525	959.5432	1.8	1.4	4.0	0.0	980000	25895.326007127762
196	1017.8417	7.245375	1029.0631	1006.95624	9.5	8.077747	24.0	2.0	985000	25971.260140419006
197	1038.2223	8.5285635	1054.7811	1026.238	9.6	2.87054	15.0	6.0	990000	26036.834777116776
198	1027.1295	4.0832148	1036.142	1021.66296	3.7	2.0518284	8.0	1.0	995000	26123.76725745201
199	1000.4305	6.9754457	1013.4791	988.4632	1.8	1.8867962	6.0	0.0	1000000	26217.553329467773
