90,100,80,-30,-170,0,
90,100,80,-30,-170,0,
90,100,80,-30,-170,0,
90,100,80,-30,-170,0,
90,100,80,-30,-170,0,
90,100,80,-30,-170,0,
90,100,80,-30,-170,0,
90,100,80,-30,-170,0,
90,100,80,-30,-170,0,
90,100,80,-30,-170,0,
90,100,80,-30,-170,0,
90,100,80,-30,-170,0,
90,100,80,-30,-170,0,
90,100,80,-30,-170,0,
90,100,80,-30,-170,0,
90,100,80,-30,-170,0,
90,100,80,-30,-170,0,
90,100,80,-30,-170,0,
90,100,80,-30,-170,0,
90,100,80,-30,-170,0,
90,100,80,-30,-170,0,
90,100,80,-30,-170,0,
90,100,80,-30,-170,0,
90,100,80,-30,-170,0,
90,100,80,-30,-170,0,
90,100,80,-30,-170,0,
90,100,80,-30,-170,0,
90,100,80,-30,-170,0,
90,100,80,-30,-170,0,
90,100,80,-30,-170,0,
90,100,80,-30,-170,0,
90,100,80,-30,-170,0,
90,100,80,-30,-170,0,
90,100,80,-30,-170,0,
90,100,80,-30,-170,0,
90,100,80,-30,-170,0,
90,100,80,-30,-170,0,
90,100,80,-30,-170,0,
90,100,80,-30,-170,0,
90,100,80,-30,-170,0,
90,100,80,-30,-170,0,
90,100,80,-30,-170,0,
90,100,80,-30,-170,0,
90,100,80,-30,-170,0,
90,100,80,-30,-170,0,
90,100,80,-30,-170,0,
90,100,80,-30,-170,0,
90,100,80,-30,-170,0,
90,100,80,-30,-170,0,
90,100,80,-30,-170,0,
90,100,80,-30,-170,0,
90,100,80,-30,-170,0,
90,100,80,-30,-170,0,
90,100,80,-30,-170,0,
90,100,80,-30,-170,0,
90,100,80,-30,-170,0,
90,100,80,-30,-170,0,
90,100,80,-30,-170,0,
90,100,80,-30,-170,0,
90,100,80,-30,-170,0,
90,100,80,-30,-170,0,
90,100,80,-30,-170,0,
90,100,80,-30,-170,0,
90,100,80,-30,-170,0,
90,100,80,-30,-170,0,
90,100,80,-30,-170,0,
90,100,80,-30,-170,0,
90,100,80,-30,-170,0,
90,100,80,-30,-170,0,
90,100,80,-30,-170,0,
90,100,80,-30,-170,0,
90,100,80,-30,-170,0,
90,100,80,-30,-170,0,
90,100,80,-30,-170,0,
90,100,80,-30,-170,0,
90,100,80,-30,-170,0,
90,100,80,-30,-170,0,
90,100,80,-30,-170,0,
90,100,80,-30,-170,0,
90,100,80,-30,-170,0,
90,100,80,-30,-170,0,
90,100,80,-30,-170,0,
90,100,80,-30,-170,0,
90,100,80,-30,-170,0,
90,100,80,-30,-170,0,
90,100,80,-30,-170,0,
90,100,80,-30,-170,0,
90.0024,100.001,80.0004,-29.8912,-169.967,0.0298138,
90.0011,100.001,79.999,-29.0721,-169.867,0.0380535,
90.0024,100.002,80.0004,-27.5182,-169.835,0.0373669,
90.0018,100.002,80.0004,-25.0229,-169.832,0.0380535,
90.0011,100.008,80.0004,-20.7183,-169.824,0.0414867,
90.0011,100.011,80.0011,-14.934,-169.808,0.0483532,
90.0004,100.015,80.0018,-9.10717,-169.521,0.0675793,
89.999,100.015,80.0038,-3.51719,-167.777,0.163023,
89.9997,100.016,80.0052,1.55987,-164.486,0.169889,
90.0011,100.013,80.0032,6.37806,-159.542,0.169889,
89.997,100.014,80.0018,10.0509,-154.508,0.168516,
89.9949,100.014,80.0059,13.3104,-149.348,0.16783,
89.9935,100.015,80.0066,15.838,-145.373,0.168516,
89.9921,100.017,80.0183,17.8739,-141.516,0.16783,
89.9894,100.036,80.1535,19.1874,-137.892,0.167143,
89.9873,100.296,80.5387,19.8047,-134.832,0.16577,
89.9867,101.305,81.3057,19.6035,-131.856,0.160963,
89.9558,102.902,82.3838,19.482,-129.498,0.156157,
89.6056,104.927,83.7454,19.4779,-127.786,0.156157,
88.9114,106.68,85.0823,19.4326,-126.762,0.15547,
88.2295,107.997,86.4899,18.5289,-125.748,0.15547,
87.6328,108.78,88.0664,15.5825,-124.193,0.156843,
87.3197,108.98,89.6244,11.3631,-122.212,0.156843,
87.01,108.984,91.6439,6.81477,-119.58,0.158903,
86.6592,108.983,94.1659,3.5484,-116.475,0.154097,
86.3021,108.981,96.6941,1.30238,-112.828,0.146544,
86.1188,108.98,99.037,-1.10569,-108.338,0.142424,
86.0357,108.979,101.223,-4.44004,-103.398,0.14105,
86.0343,108.979,102.949,-7.99,-99.6668,0.141737,
86.0343,108.98,104.561,-11.9746,-96.7698,0.139677,
86.0336,108.98,105.895,-15.6063,-94.9427,0.136244,
86.0343,108.981,107.271,-19.5359,-93.4691,0.134871,
86.0343,108.979,108.664,-23.2157,-91.802,0.134184,
86.0323,108.98,110.045,-26.184,-89.9576,0.134871,
86.0323,108.977,111.427,-28.9471,-88.0103,0.134871,
86.0329,108.977,112.788,-32.1805,-85.9298,0.134184,
86.035,108.978,114,-35.3878,-84.1871,0.134184,
86.0357,108.979,115.085,-37.89,-82.9875,0.135557,
86.0384,108.979,116.244,-40.1367,-82.044,0.133497,
86.0391,108.977,117.037,-41.6542,-81.6101,0.123198,
86.0391,108.977,117.97,-44.1597,-80.8211,-0.0628834,
86.0336,108.977,118.396,-46.4806,-80.6014,-0.0642567,
86.0316,108.977,118.492,-48.8049,-81.0038,-0.0601368,
86.035,108.978,118.494,-50.4103,-81.8394,-0.0553303,
86.0391,108.978,118.493,-50.9953,-82.4444,-0.053957,
86.0439,108.978,118.493,-50.9335,-82.3894,-0.0553303,
86.0446,108.979,118.492,-50.9349,-82.3379,-0.0546436,
86.0446,108.977,118.493,-50.9417,-82.3372,-0.0553303,
86.0439,108.977,118.492,-50.941,-82.3379,-0.0553303,
86.0432,108.976,118.492,-50.9424,-82.34,-0.0560169,
86.0446,108.977,118.492,-50.9445,-82.3379,-0.0546436,
86.0439,108.975,118.493,-50.9479,-82.3393,-0.0553303,
86.0419,108.976,118.492,-50.9513,-82.3393,-0.0546436,
86.0405,108.976,118.492,-50.9568,-82.3393,-0.0560169,
86.0439,108.976,118.492,-50.9562,-82.34,-0.0546436,
86.0412,108.975,118.49,-50.9555,-82.34,-0.0546436,
86.0432,108.976,118.494,-50.9534,-82.3407,-0.0560169,
86.0439,108.975,118.488,-50.9548,-82.34,-0.0546436,
86.0474,108.975,118.468,-50.9548,-82.3386,-0.0567036,
86.0604,108.975,118.369,-50.952,-82.3393,-0.0567036,
86.1435,108.976,118.056,-50.9534,-82.3352,-0.0567036,
86.6736,108.977,117.683,-50.952,-82.3283,-0.0567036,
87.6397,108.979,117.357,-50.9424,-82.3324,-0.0573902,
88.5969,108.98,117.331,-50.9431,-82.3345,-0.0567036,
89.5149,108.981,117.348,-50.9424,-82.3372,-0.0553303,
90.2558,108.983,117.409,-50.9383,-82.3482,-0.0560169,
90.9912,108.987,117.74,-50.7405,-82.3592,-0.0580769,
91.5735,108.986,117.882,-49.9887,-82.3935,-0.0615101,
92.0885,108.986,117.782,-48.2721,-82.9724,-0.0670032,
92.5396,108.984,117.32,-46.2767,-84.8325,-0.0683765,
93.1617,108.985,116.492,-44.4948,-87.1403,-0.0676899,
93.8291,108.986,115.618,-43.9901,-87.5427,-0.0628834,
94.6709,109.036,114.985,-43.9668,-86.6295,-0.0608234,
95.0397,109.856,115.005,-43.9606,-86.5388,-0.0615101,
95.0486,111.808,115.056,-44.0368,-87.2344,-0.0773029,
95.0527,113.776,114.813,-44.6946,-87.5915,-0.0889759,
95.0534,115.437,113.98,-46.7511,-87.3168,-0.0882893,
95.0562,116.96,112.76,-49.5492,-86.8018,-0.0800495,
95.0555,118.549,111.65,-51.1621,-86.4674,-0.0786762,
95.0534,119.675,110.843,-51.7595,-86.5251,-0.0779896,
95.0562,120.93,109.649,-52.0507,-86.5258,-0.0779896,
95.0603,121.556,108.754,-52.0294,-86.5182,-0.0711231,
95.061,122.094,108,-52.0308,-86.5162,-0.0697498,
95.0623,122.592,107.598,-52.0335,-86.5169,-0.0704365,
95.0665,122.937,107.396,-52.0376,-86.5148,-0.0704365,
95.0719,123.121,107.402,-52.0362,-86.5155,-0.0711231,
95.074,123.12,107.403,-52.0376,-86.5155,-0.0704365,
95.0747,123.12,107.405,-52.0404,-86.5086,-0.0690632,
95.0754,123.119,107.405,-52.0596,-86.383,-0.0690632,
95.0726,123.12,107.411,-52.3727,-85.4896,-0.0683765,
95.0685,123.121,107.431,-53.6917,-83.808,-0.0670032,
95.0699,123.122,107.504,-54.9105,-83.2388,-0.0663166,
95.0678,123.121,107.553,-55.6954,-84.0745,-0.06563,
95.0713,123.124,107.555,-55.9536,-85.6263,-0.0615101,
95.0726,123.124,107.554,-55.8444,-86.7022,-0.0587635,
95.0713,123.124,107.558,-55.843,-86.6013,-0.0560169,
95.0733,123.126,107.56,-55.8403,-85.9497,-0.0567036,
95.0719,123.127,107.557,-55.8368,-85.4381,-0.0560169,
95.0719,123.126,107.557,-55.8258,-85.079,-0.0567036,
95.0733,123.128,107.558,-55.8032,-85.0783,-0.0553303,
95.0733,123.128,107.56,-55.1776,-85.0783,-0.0546436,
95.0706,123.125,107.558,-52.7346,-85.0831,-0.0573902,
95.0699,123.123,107.558,-49.7181,-85.0859,-0.0601368,
95.0706,123.124,107.556,-48.2927,-85.0845,-0.0601368,
95.0713,123.124,107.559,-48.0633,-85.0831,-0.0601368,
95.0706,123.124,107.56,-48.3366,-85.0811,-0.0601368,
95.0719,123.124,107.557,-48.3084,-85.0783,-0.0594501,
95.0699,123.123,107.554,-48.3091,-85.079,-0.0580769,
95.0706,123.12,107.554,-48.3105,-85.0804,-0.0567036,
95.0699,123.119,107.556,-48.3098,-85.0804,-0.0546436,
95.0671,123.118,107.551,-48.3091,-85.0804,-0.0512104,
95.0671,123.118,107.551,-48.3091,-85.0804,-0.0512104,
95.0671,123.118,107.551,-48.3091,-85.0804,-0.0512104,
95.0671,123.118,107.551,-48.3091,-85.0804,-0.0512104,
95.0671,123.118,107.551,-48.3091,-85.0804,-0.0512104,
95.0671,123.118,107.551,-48.3091,-85.0804,-0.0512104,
95.0671,123.118,107.551,-48.3091,-85.0804,-0.0512104,
95.0671,123.118,107.551,-48.3091,-85.0804,-0.0512104,
95.0671,123.118,107.551,-48.3091,-85.0804,-0.0512104,
95.0671,123.118,107.551,-48.3091,-85.0804,-0.0512104,
95.0671,123.118,107.551,-48.3091,-85.0804,-0.0512104,
95.0671,123.118,107.551,-48.3091,-85.0804,-0.0512104,
95.0671,123.118,107.551,-48.3091,-85.0804,-0.0512104,
95.0671,123.118,107.551,-48.3091,-85.0804,-0.0512104,
95.0671,123.118,107.551,-48.3091,-85.0804,-0.0512104,
95.0671,123.118,107.551,-48.3091,-85.0804,-0.0512104,
95.0671,123.118,107.551,-48.3091,-85.0804,-0.0512104,
95.0671,123.118,107.551,-48.3091,-85.0804,-0.0512104,
95.0671,123.118,107.551,-48.3091,-85.0804,-0.0512104,
95.0671,123.118,107.551,-48.3091,-85.0804,-0.0512104,
95.0671,123.118,107.551,-48.3091,-85.0804,-0.0512104,
95.0671,123.118,107.551,-48.3091,-85.0804,-0.0512104,
95.0671,123.118,107.551,-48.3091,-85.0804,-0.0512104,
95.0671,123.118,107.551,-48.3091,-85.0804,-0.0512104,
95.0671,123.118,107.551,-48.3091,-85.0804,-0.0512104,
95.0671,123.118,107.551,-48.3091,-85.0804,-0.0512104,
95.0671,123.118,107.551,-48.3091,-85.0804,-0.0512104,
95.0671,123.118,107.551,-48.3091,-85.0804,-0.0512104,
95.0671,123.118,107.551,-48.3091,-85.0804,-0.0512104,
95.0671,123.118,107.551,-48.3091,-85.0804,-0.0512104,
95.0671,123.118,107.551,-48.3091,-85.0804,-0.0512104,
95.0671,123.118,107.551,-48.3091,-85.0804,-0.0512104,
95.0671,123.118,107.551,-48.3091,-85.0804,-0.0512104,
95.0671,123.118,107.551,-48.3091,-85.0804,-0.0512104,
95.0671,123.118,107.551,-48.3091,-85.0804,-0.0512104,
95.0671,123.118,107.551,-48.3091,-85.0804,-0.0512104,
95.0671,123.118,107.551,-48.3091,-85.0804,-0.0512104,
95.0671,123.118,107.551,-48.3091,-85.0804,-0.0512104,
95.0671,123.118,107.551,-48.3091,-85.0804,-0.0512104,
95.0671,123.118,107.551,-48.3091,-85.0804,-0.0512104,
95.0671,123.118,107.551,-48.3091,-85.0804,-0.0512104,
95.0671,123.118,107.551,-48.3091,-85.0804,-0.0512104,
95.0671,123.118,107.551,-48.3091,-85.0804,-0.0512104,
95.0671,123.118,107.551,-48.3091,-85.0804,-0.0512104,
95.0671,123.118,107.551,-48.3091,-85.0804,-0.0512104,
95.0671,123.118,107.551,-48.3091,-85.0804,-0.0512104,
95.0671,123.118,107.551,-48.3091,-85.0804,-0.0512104,
95.0671,123.118,107.551,-48.3091,-85.0804,-0.0512104,
95.0671,123.118,107.551,-48.3091,-85.0804,-0.0512104,
95.0671,123.118,107.551,-48.3091,-85.0804,-0.0512104,
95.0671,123.118,107.551,-48.3091,-85.0804,-0.0512104,
95.0671,123.118,107.551,-48.3091,-85.0804,-0.0512104,
95.0671,123.118,107.551,-48.3091,-85.0804,-0.0512104,
95.0671,123.118,107.551,-48.3091,-85.0804,-0.0512104,
95.0671,123.118,107.551,-48.3091,-85.0804,-0.0512104,
95.0671,123.118,107.551,-48.3091,-85.0804,-0.0512104,
95.0671,123.118,107.551,-48.3091,-85.0804,-0.0512104,
95.0671,123.118,107.551,-48.3091,-85.0804,-0.0512104,
95.0671,123.118,107.551,-48.3091,-85.0804,-0.0512104,
95.0671,123.118,107.551,-48.3091,-85.0804,-0.0512104,
95.0671,123.118,107.551,-48.3091,-85.0804,-0.0512104,
95.0671,123.118,107.551,-48.3091,-85.0804,-0.0512104,
95.0671,123.118,107.551,-48.3091,-85.0804,-0.0512104,
95.0671,123.118,107.551,-48.3091,-85.0804,-0.0512104,
